0 0.42943749999999997 0.45996875 0.027796875 0.067328125
0 0.67334375 0.280515625 0.023765625000000002 0.059109375
0 0.76025 0.2731875 0.025046875000000003 0.058234375000000005
0 0.61865625 0.1383125 0.020765625 0.047875
0 0.551265625 0.45923437500000003 0.026109375 0.069390625
0 0.369390625 0.456546875 0.03278125 0.070671875
0 0.480953125 0.2890625 0.026500000000000003 0.0495
0 0.34253125 0.286859375 0.02759375 0.053890625000000004
0 0.52246875 0.145265625 0.02225 0.045953125
0 0.45385937500000006 0.285890625 0.02390625 0.052031249999999994
0 0.45239062499999994 0.146609375 0.020921875 0.04578125
0 0.37621875 0.288328125 0.027953125000000002 0.05696875
0 0.546390625 0.14221875 0.021156249999999998 0.046390625000000005
0 0.404296875 0.625984375 0.033078125 0.075984375
0 0.4663125 0.39965625 0.028546875 0.058437499999999996
0 0.43676562499999994 0.40064062500000003 0.027484375 0.0548125
0 0.587890625 0.399421875 0.0249375 0.05696875
0 0.6171875 0.400390625 0.02484375 0.05571875
0 0.4091875 0.401859375 0.028546875 0.055515625
0 0.7944375 0.130609375 0.021203125 0.052828125000000004
0 0.582515625 0.45946875 0.026859375 0.07275000000000001
0 0.743171875 0.136109375 0.023421875 0.04525
0 0.77978125 0.461421875 0.032109375 0.064265625
0 0.49609375 0.151609375 0.022625 0.04328125
0 0.37378125 0.612796875 0.030859375 0.0730625
0 0.614265625 0.625 0.030953124999999998 0.080078125
0 0.348875 0.15137499999999998 0.024140625 0.042171875
0 0.30884375 0.40160937499999994 0.03028125 0.065859375
0 0.72559375 0.22742187500000002 0.024281249999999997 0.046718749999999996
0 0.3828125 0.39746875 0.025671875 0.055296875
0 0.4585 0.4609375 0.029249999999999998 0.07453125000000001
0 0.65528125 0.628421875 0.031734374999999995 0.078796875
0 0.52490625 0.10559375 0.02215625 0.042875
0 0.63965625 0.029140624999999996 0.016843749999999998 0.041078125
0 0.288328125 0.287359375 0.029546875 0.0558125
0 0.762203125 0.629890625 0.037046875 0.083859375
0 0.64453125 0.138546875 0.02225 0.04840625
0 0.70165625 0.2731875 0.02365625 0.063109375
0 0.590828125 0.2319375 0.023515625000000002 0.049312499999999995
0 0.67090625 0.224859375 0.025 0.054296875
0 0.7529375 0.22778125 0.024234375 0.04578125
0 0.413578125 0.24132812499999998 0.025421875 0.04409375
0 0.42846875000000006 0.283203125 0.024609375 0.05728124999999999
0 0.474609375 0.150875 0.022109375 0.041375
0 0.578125 0.628421875 0.030156250000000002 0.072390625
0 0.571296875 0.10265625 0.020015625000000002 0.045015625
0 0.5078125 0.28515625 0.02365625 0.049140625
0 0.276125 0.23742187499999998 0.027171875 0.054203125
0 0.190546875 0.61475 0.03934375 0.0779375
0 0.462890625 0.23523437500000002 0.0235625 0.052828125000000004
0 0.33715625 0.625484375 0.035953125 0.068171875
0 0.769046875 0.136234375 0.025796875000000004 0.047093750000000004
0 0.356453125 0.04525 0.020140625000000002 0.04025
0 0.263671875 0.46314062500000003 0.03628125 0.073296875
0 0.25634375 0.62403125 0.040375 0.07275000000000001
0 0.61865625 0.029203125000000003 0.019203124999999998 0.042875
0 0.437015625 0.238640625 0.0241875 0.04296875
0 0.594234375 0.0989375 0.01909375 0.045109375
0 0.48217187499999997 0.11101562499999999 0.021484375 0.039953125
0 0.595703125 0.031859375 0.019125 0.042328125
0 0.43920312499999997 0.6279375 0.034187499999999996 0.077515625
0 0.574703125 0.03228125 0.018640625 0.0416875
0 0.302 0.625 0.03746875 0.06878125
0 0.68896875 0.09771875 0.022765625 0.0468125
0 0.44921875 0.03875 0.021484375 0.043515625
0 0.325921875 0.1539375 0.024234375 0.038609375
0 0.47582812499999994 0.628421875 0.03365625 0.06928125
0 0.5546875 0.03259375 0.018687500000000003 0.04271875
0 0.240234375 0.287109375 0.029203125000000003 0.054593749999999996
0 0.5390625 0.236578125 0.023703125 0.047796875
0 0.543953125 0.630859375 0.030046875 0.07421875
0 0.61865625 0.281 0.024890625 0.05878124999999999
0 0.789546875 0.27221875 0.028484375 0.06085937500000001
0 0.744140625 0.45971875000000006 0.03028125 0.074890625
0 0.77246875 0.40307812500000006 0.029484375 0.05834375000000001
0 0.71778125 0.13403125 0.024281249999999997 0.053500000000000006
0 0.531734375 0.03515625 0.020140625000000002 0.042171875
0 0.618171875 0.458015625 0.026359375 0.072875
0 0.750984375 0.024421875000000003 0.021281249999999998 0.041078125
0 0.712890625 0.089296875 0.020421875 0.03671875
0 0.52246875 0.46118750000000003 0.02665625 0.0678125
0 0.189328125 0.287109375 0.031140624999999998 0.0558125
0 0.314703125 0.1169375 0.02434375 0.042015625
0 0.22168749999999998 0.62353125 0.038609375 0.072875
0 0.32275 0.241703125 0.027109375 0.048859375
0 0.049046875000000004 0.293453125 0.0288125 0.051546875000000006
0 0.16259375 0.6123125 0.040765625 0.073671875
0 0.69825 0.22937500000000002 0.025328125 0.0454375
0 0.263671875 0.727046875 0.044437500000000005 0.098578125
0 0.044 0.253421875 0.03278125 0.042234375000000005
0 0.33984375 0.460453125 0.031796875 0.0674375
0 0.650875 0.4585 0.026000000000000002 0.070671875
0 0.20373437499999997 0.24206249999999999 0.031078125 0.043609375
0 0.13403125 0.2473125 0.030046875 0.044
0 0.55371875 0.398921875 0.0270625 0.05996875
0 0.45776562500000006 0.114203125 0.024796875 0.040921875
0 0.297609375 0.046296875 0.0205625 0.03790625
0 0.27978125 0.40112500000000006 0.03259375 0.058984375
0 0.25025 0.24071875 0.0268125 0.044187500000000005
0 0.4921875 0.4609375 0.028109375 0.06928125
0 0.2085 0.4609375 0.0350625 0.073296875
0 0.41381249999999997 0.116578125 0.0238125 0.04046875
0 0.70459375 0.025421875 0.01815625 0.0416875
0 0.258546875 0.0496875 0.02096875 0.0378125
0 0.71240625 0.45971875000000006 0.029484375 0.073859375
0 0.738765625 0.396 0.027171875 0.0626875
0 0.8188437499999999 0.46264062499999997 0.034828125 0.06659375
0 0.727546875 0.6328125 0.031921875 0.08154687499999999
0 0.090390625 0.292484375 0.034234375 0.05234375
0 0.683109375 0.024421875000000003 0.019265625 0.04303125
0 0.879890625 0.6381875 0.04296875 0.08465625
0 0.063109375 0.72509375 0.055421874999999995 0.10015624999999999
0 0.04009375 0.46020312499999994 0.03796875 0.07421875
0 0.06878125 0.4585 0.040625 0.073296875
0 0.2839375 0.154296875 0.025265625000000003 0.040375
0 0.837890625 0.634765625 0.039421875 0.09253125
0 0.735359375 0.09618750000000001 0.022328124999999997 0.03628125
0 0.8168906249999999 0.2731875 0.029593750000000002 0.059421875
0 0.168828125 0.40746874999999994 0.03409375 0.051359375
0 0.640625 0.10124999999999999 0.0219375 0.039546874999999995
0 0.30053125 0.723140625 0.039125 0.078796875
0 0.778328125 0.2263125 0.025796875000000004 0.044671875
0 0.238640625 0.154546875 0.02475 0.041234375000000004
0 0.85546875 0.466796875 0.03775 0.06982812499999999
0 0.14209375 0.2893125 0.034187499999999996 0.055296875
0 0.344 0.017296875 0.02225 0.03371875
0 0.21349999999999997 0.9262656249999999 0.047 0.103765625
0 0.8168906249999999 0.020640625000000003 0.024140625 0.038546875
0 0.14709375 0.12262500000000001 0.026921875 0.03790625
0 0.8002968750000001 0.632328125 0.036015625 0.090765625
0 0.773921875 0.021593750000000002 0.01971875 0.043187500000000004
0 0.133171875 0.161375 0.025750000000000002 0.04321875
0 0.378421875 0.116578125 0.02390625 0.039796874999999995
0 0.9555624999999999 0.463375 0.036828125 0.0614375
0 0.35571875 0.116328125 0.023859375 0.038109375
0 0.49340624999999994 0.04184375 0.017374999999999998 0.032890625
0 0.434578125 0.11315625 0.02225 0.038546875
0 0.79590625 0.020296875 0.02109375 0.040531250000000005
0 0.214359375 0.15625 0.025625 0.04046875
0 0.70946875 0.399171875 0.027109375 0.061890625
0 0.306640625 0.017640625 0.021234375 0.029484375
0 0.349125 0.24523437499999998 0.02859375 0.0419375
0 0.12621875 0.61571875 0.034937499999999996 0.0805
0 0.1590625 0.24132812499999998 0.02665625 0.042171875
0 0.014937500000000001 0.61084375 0.029859375 0.0809375
0 0.03021875 0.722171875 0.04553125 0.09740625
0 0.385984375 0.016984375 0.02178125 0.03378125
0 0.194703125 0.15723437499999998 0.026765624999999998 0.0419375
0 0.069953125 0.61475 0.043125000000000004 0.08465625
0 0.76171875 0.09503125 0.02346875 0.0406875
0 0.364984375 0.01578125 0.019984375 0.031203124999999998
0 0.151984375 0.160765625 0.02590625 0.040625
0 0.252203125 0.11737500000000001 0.021046875 0.038546875
0 0.117796875 0.292 0.0314375 0.052828125000000004
0 0.292484375 0.11554687500000001 0.024281249999999997 0.036015625
0 0.161625 0.05878124999999999 0.021453125 0.03803125
0 0.20007812500000002 0.054109375 0.022984375 0.038906249999999996
0 0.78028125 0.739265625 0.046109375 0.095703125
0 0.21276562499999999 0.119015625 0.02484375 0.0390625
0 0.512203125 0.733890625 0.034937499999999996 0.09515625
0 0.260015625 0.1538125 0.02434375 0.0388125
0 0.251953125 0.9389687500000001 0.04821875 0.089484375
0 0.1169375 0.402828125 0.036890624999999996 0.054109375
0 0.182375 0.244140625 0.031609375 0.042328125
0 0.018828125 0.40650000000000003 0.03746875 0.055515625
0 0.197390625 0.40698437500000006 0.034999999999999996 0.051000000000000004
0 0.474125 0.01509375 0.01971875 0.0301875
0 0.55615625 0.0100625 0.018296875 0.01990625
0 0.0888125 0.40160937499999994 0.03615625 0.056640625
0 0.00959375 0.191765625 0.018515625 0.03378125
0 0.165765625 0.93653125 0.04821875 0.080625
0 0.703125 0.958015625 0.031921875 0.07860937500000001
0 0.21862499999999999 0.052828125000000004 0.025421875 0.03803125
0 0.050421875000000005 0.107421875 0.036078125 0.031140624999999998
0 0.09503125 0.164546875 0.0280625 0.043515625
0 0.078484375 0.06231250000000001 0.031671875 0.028328125
0 0.9399374999999999 0.40160937499999994 0.036078125 0.0546875
0 0.729 0.727046875 0.03621875 0.09484375
0 0.5415 0.9536093749999999 0.02790625 0.0809375
0 0.984375 0.62890625 0.028328125 0.08465625
0 0.182859375 0.056640625 0.020890625 0.036984375
0 0.0935 0.034937499999999996 0.032890625 0.026265624999999997
0 0.011515625 0.71875 0.023046875 0.08728125
0 0.40160937499999994 0.9565468750000001 0.04178125 0.07653125
0 0.75634375 0.94921875 0.035609375 0.096859375
0 0.122921875 0.923828125 0.047609374999999995 0.086
0 0.16003125 0.03278125 0.022765625 0.02590625
0 0.50146875 0.9555624999999999 0.038390625 0.08301562500000001
0 0.45287499999999997 0.011796875 0.01834375 0.02359375
0 0.019859375000000002 0.173953125 0.02665625 0.0365
0 0.21240625 0.022109375 0.028328125 0.0260625
0 0.11456249999999998 0.0100625 0.030734375 0.019609375000000002
0 0.065984375 0.397953125 0.031140624999999998 0.045875
0 0.9018593750000001 0.733890625 0.06890625 0.059875
0 0.025 0.0419375 0.02215625 0.02784375
0 0.917 0.79590625 0.07696875 0.068546875
0 0.661625 0.00790625 0.01621875 0.01525
0 0.744625 0.0063437499999999996 0.018640625 0.012015625
0 0.9609375 0.9560625 0.069515625 0.083734375