0 0.367671875 0.457515625 0.031609375 0.06867187500000001
0 0.234625 0.46753125000000006 0.04046875 0.0626875
0 0.489265625 0.463375 0.028875 0.06928125
0 0.47290625000000003 0.622078125 0.0314375 0.078796875
0 0.43042187500000006 0.46314062500000003 0.032171875 0.073421875
0 0.615234375 0.45946875 0.02665625 0.072078125
0 0.55225 0.45776562500000006 0.028015625 0.069953125
0 0.61475 0.62353125 0.03365625 0.0779375
0 0.09234375 0.29175 0.035890624999999995 0.04959375
0 0.40528125 0.6171875 0.03678125 0.08228125
0 0.095515625 0.46020312499999994 0.040984375 0.060421875
0 0.353265625 0.396484375 0.035546875 0.06634375
0 0.46728125 0.3986875 0.032171875 0.058234375000000005
0 0.747078125 0.461921875 0.032468750000000005 0.07520312500000001
0 0.371828125 0.61328125 0.037046875 0.0753125
0 0.460453125 0.45776562500000006 0.028875 0.0753125
0 0.31225 0.40454687500000003 0.036828125 0.06096875
0 0.125125 0.458015625 0.039953125 0.060515624999999997
0 0.7319375 0.2736875 0.027171875 0.062109375
0 0.76025 0.27490625 0.02615625 0.059328124999999995
0 0.370359375 0.154171875 0.027375 0.044765624999999996
0 0.616703125 0.399421875 0.027265624999999998 0.055515625
0 0.37525 0.290046875 0.02975 0.055937499999999994
0 0.402828125 0.2890625 0.027687499999999997 0.0571875
0 0.78271875 0.461921875 0.033015625 0.074890625
0 0.38134375 0.3981875 0.031671875 0.061640625000000004
0 0.14978125 0.61621875 0.042578125 0.077515625
0 0.411625 0.399421875 0.035890624999999995 0.060640625000000004
0 0.296875 0.45873437499999997 0.0364375 0.06867187500000001
0 0.1903125 0.61865625 0.040921875 0.075984375
0 0.109125 0.16175 0.029140624999999996 0.04321875
0 0.579109375 0.625 0.029875000000000002 0.0753125
0 0.54296875 0.62646875 0.030328125 0.077203125
0 0.12067187500000001 0.614265625 0.042171875 0.080078125
0 0.69140625 0.6279375 0.03378125 0.0856875
0 0.191890625 0.156734375 0.026265624999999997 0.043859375
0 0.043765625 0.45996875 0.040828125 0.06476562500000001
0 0.43775000000000003 0.62353125 0.034999999999999996 0.08196875
0 0.40014062499999997 0.45873437499999997 0.032046875 0.07453125000000001
0 0.339359375 0.285890625 0.0298125 0.052828125000000004
0 0.405765625 0.1535625 0.026968750000000003 0.04428125
0 0.337640625 0.45971875000000006 0.031734374999999995 0.06928125
0 0.049140625 0.293453125 0.037593749999999995 0.04959375
0 0.20703125 0.46020312499999994 0.0390625 0.072625
0 0.302 0.620609375 0.041234375000000004 0.076109375
0 0.58496875 0.3935625 0.0255625 0.06153125
0 0.310796875 0.28809375 0.0305 0.0546875
0 0.140140625 0.2890625 0.034546875 0.053984374999999994
0 0.034234375 0.610359375 0.042640625 0.072390625
0 0.335453125 0.619625 0.038546875 0.07275000000000001
0 0.25634375 0.05090625 0.02165625 0.037390625
0 0.525875 0.399421875 0.029375000000000002 0.053593749999999996
0 0.17821875 0.458984375 0.040828125 0.07184375
0 0.618171875 0.2788125 0.025625 0.056640625
0 0.35571875 0.047328125 0.02253125 0.037203125
0 0.587890625 0.2993125 0.034937499999999996 0.056125
0 0.1328125 0.160640625 0.029249999999999998 0.043609375
0 0.216546875 0.156 0.029203125000000003 0.042484375000000005
0 0.4296875 0.2836875 0.028218749999999997 0.05625
0 0.50684375 0.625 0.034187499999999996 0.08301562500000001
0 0.6538125 0.625984375 0.030734375 0.08728125
0 0.21862499999999999 0.62109375 0.040531250000000005 0.07434375
0 0.263671875 0.46264062499999997 0.035828125 0.057921875
0 0.52734375 0.10796874999999999 0.023953125 0.042078125
0 0.18078125 0.241828125 0.03253125 0.042578125
0 0.8012656249999999 0.63184375 0.0388125 0.090390625
0 0.25415625 0.39990625 0.040375 0.06476562500000001
0 0.727046875 0.62646875 0.03534375 0.092046875
0 0.130125 0.24621875000000001 0.03234375 0.042015625
0 0.255125 0.620609375 0.0454375 0.0754375
0 0.171015625 0.1565 0.024515625 0.041328125
0 0.547859375 0.140265625 0.022984375 0.04578125
0 0.042171875 0.253421875 0.03353125 0.042578125
0 0.671390625 0.22595312500000003 0.0270625 0.05645312500000001
0 0.8539999999999999 0.46606249999999994 0.036015625 0.06903125
0 0.39453125 0.048125 0.024609375 0.03621875
0 0.8203125 0.276609375 0.030375000000000003 0.06231250000000001
0 0.42821875 0.044859375 0.021156249999999998 0.037328125000000004
0 0.52246875 0.45873437499999997 0.02859375 0.070671875
0 0.26196875 0.727046875 0.04821875 0.0965625
0 0.237546875 0.288578125 0.032718750000000005 0.0531875
0 0.64990625 0.45824999999999994 0.027953125000000002 0.0705625
0 0.29540625 0.04821875 0.022375 0.034703125
0 0.064515625 0.2526875 0.032953125 0.042484375000000005
0 0.53271875 0.034484375 0.02178125 0.04009375
0 0.18896875 0.28784375 0.033203125 0.055296875
0 0.08820312500000001 0.248046875 0.036078125 0.042234375000000005
0 0.701171875 0.275640625 0.025796875000000004 0.057703125
0 0.0205625 0.293703125 0.033203125 0.051671875
0 0.323734375 0.240234375 0.030671874999999998 0.04978125
0 0.818359375 0.46215624999999994 0.03634375 0.06659375
0 0.19434374999999998 0.057374999999999995 0.0245625 0.041140625
0 0.21253125 0.9233437500000001 0.044859375 0.102484375
0 0.8784218750000001 0.637203125 0.042015625 0.082828125
0 0.58984375 0.23107812499999997 0.025421875 0.05440625
0 0.790046875 0.2736875 0.027171875 0.060765625000000004
0 0.3569375 0.11754687500000001 0.02615625 0.038109375
0 0.24903124999999998 0.11920312500000001 0.025328125 0.035953125
0 0.583015625 0.4585 0.026703125 0.0705625
0 0.5961875 0.031734374999999995 0.019859375000000002 0.04184375
0 0.315671875 0.0495 0.02178125 0.034421875000000005
0 0.48217187499999997 0.288578125 0.029375000000000002 0.048125
0 0.334234375 0.119015625 0.024140625 0.03671875
0 0.20934375 0.11737500000000001 0.025078125 0.037593749999999995
0 0.145390625 0.063046875 0.024609375 0.03796875
0 0.711421875 0.46020312499999994 0.031015625 0.0731875
0 0.338625 0.047234375 0.023703125 0.036890624999999996
0 0.018328125 0.45923437500000003 0.03665625 0.06634375
0 0.069515625 0.6118125 0.051765625 0.085875
0 0.168828125 0.404296875 0.036078125 0.05184375
0 0.146359375 0.125734375 0.0288125 0.035890624999999995
0 0.158328125 0.24096875 0.0280625 0.0403125
0 0.1798125 0.72803125 0.054109375 0.083125
0 0.44921875 0.04328125 0.022328124999999997 0.03628125
0 0.413578125 0.11456249999999998 0.02615625 0.0365
0 0.2944375 0.11754687500000001 0.027796875 0.034484375
0 0.22021875 0.05292187499999999 0.025750000000000002 0.037046875
0 0.44506249999999997 0.95215625 0.033078125 0.088015625
0 0.307625 0.0174375 0.023078124999999998 0.028937499999999998
0 0.3049375 0.7265625 0.04303125 0.07684375
0 0.27075 0.11840625 0.024234375 0.035484375
0 0.0376875 0.40528125 0.04690625 0.05059375000000001
0 0.640625 0.028437499999999998 0.020171875 0.039953125
0 0.67821875 0.396 0.029593750000000002 0.067328125
0 0.38159375 0.114984375 0.025328125 0.0376875
0 0.250734375 0.93359375 0.042812499999999996 0.095515625
0 0.837890625 0.6328125 0.039421875 0.090265625
0 0.0910625 0.167484375 0.0241875 0.039546874999999995
0 0.21179687500000002 0.025124999999999998 0.0305625 0.03028125
0 0.197015625 0.40356249999999994 0.039796874999999995 0.052031249999999994
0 0.276125 0.049953125 0.02178125 0.03634375
0 0.049046875000000004 0.1095 0.03796875 0.029249999999999998
0 0.51075 0.7319375 0.039703125 0.0936875
0 0.385984375 0.2368125 0.034187499999999996 0.04840625
0 0.254640625 0.0229375 0.026703125 0.03234375
0 0.39746875 0.951171875 0.037203125 0.085875
0 0.250984375 0.240484375 0.0313125 0.042812499999999996
0 0.117796875 0.92871875 0.042015625 0.0936875
0 0.22925 0.11859375000000001 0.026968750000000003 0.03615625
0 0.1796875 0.05603125 0.020796875 0.0403125
0 0.9555624999999999 0.4663125 0.034937499999999996 0.058437499999999996
0 0.16565625 0.93653125 0.047609374999999995 0.082828125
0 0.017109375 0.172734375 0.033484375 0.035484375
0 0.03278125 0.7211875 0.05450000000000001 0.0935
0 0.189328125 0.12054687500000001 0.023515625000000002 0.036828125
0 0.16821875 0.12273437499999999 0.022890625 0.037203125
0 0.06396874999999999 0.08301562500000001 0.03746875 0.035609375
0 0.012234375 0.611328125 0.02446875 0.069640625
0 0.923828125 0.338625 0.031375 0.048859375
0 0.704109375 0.026203125 0.0196875 0.039546874999999995
0 0.093328125 0.4038125 0.039421875 0.054109375
0 0.34253125 0.01984375 0.024390625 0.03353125
0 0.516109375 0.011875 0.020921875 0.0235625
0 0.476078125 0.01290625 0.021812500000000002 0.025796875000000004
0 0.541015625 0.9536093749999999 0.030625000000000003 0.08740624999999999
0 0.4404375 0.0129375 0.025796875000000004 0.025875
0 0.0238125 0.041140625 0.021015625 0.02975
0 0.9379843749999999 0.40234375 0.034999999999999996 0.058437499999999996
0 0.07781249999999999 0.06096875 0.034937499999999996 0.030156250000000002
0 0.594234375 0.10265625 0.021578125 0.038609375
0 0.5029375 0.954109375 0.0403125 0.085578125
0 0.11315625 0.12915625 0.0378125 0.031734374999999995
0 0.700203125 0.9585000000000001 0.030046875 0.081359375
0 0.55371875 0.010562499999999999 0.022078125 0.020765625
0 0.79540625 0.02153125 0.0205625 0.042234375000000005
0 0.39965625 0.01609375 0.02865625 0.031375
0 0.38403125 0.017984375 0.025625 0.03353125
0 0.729984375 0.727546875 0.039546874999999995 0.0965625
0 0.744625 0.94434375 0.037046875 0.10706249999999999
0 0.01046875 0.71778125 0.020953125 0.0834375
0 0.36059375 0.01571875 0.0241875 0.03028125
0 0.176390625 0.029640624999999997 0.0241875 0.0314375
0 0.156 0.027640625000000002 0.020374999999999997 0.029984375
0 0.5336875 0.010921875000000001 0.019203124999999998 0.021843750000000002
0 0.0100625 0.06153125 0.01990625 0.038906249999999996
0 0.0965625 0.032234374999999996 0.036625000000000005 0.033140625
0 0.903328125 0.73584375 0.071234375 0.060640625000000004
0 0.11046875 0.010015625 0.0260625 0.019609375000000002
0 0.922859375 0.859375 0.06867187500000001 0.058984375
0 0.72509375 0.0063593750000000004 0.021046875 0.012421875
0 0.007640625 0.21398437499999998 0.01490625 0.0280625
0 0.9614218749999999 0.9545937500000001 0.063234375 0.08106250000000001
0 0.9145468749999999 0.792 0.076421875 0.063109375