0 0.65053125 0.462328125 0.027218750000000003 0.064640625
0 0.612796875 0.625 0.029703125000000004 0.077515625
0 0.505375 0.280515625 0.025078125 0.057374999999999995
0 0.4296875 0.2815 0.025468750000000002 0.055609375
0 0.578125 0.619625 0.02753125 0.08301562500000001
0 0.5810625 0.45873437499999997 0.025515624999999997 0.0730625
0 0.687984375 0.6274375 0.031734374999999995 0.088015625
0 0.8178750000000001 0.46118750000000003 0.03265625 0.061890625
0 0.683109375 0.46801562499999994 0.026500000000000003 0.063109375
0 0.147578125 0.45971875000000006 0.03775 0.06890625
0 0.535640625 0.282234375 0.0235625 0.0505
0 0.300046875 0.620609375 0.03628125 0.07453125000000001
0 0.2605 0.462890625 0.03621875 0.071046875
0 0.4560625 0.28271875 0.023953125 0.055515625
0 0.40356249999999994 0.144171875 0.025796875000000004 0.051171875
0 0.333984375 0.11340625 0.025468750000000002 0.041375
0 0.4868125 0.45946875 0.025421875 0.07184375
0 0.42846875000000006 0.4609375 0.027640625000000002 0.06890625
0 0.2993125 0.733890625 0.03796875 0.07764062499999999
0 0.4711875 0.62403125 0.031734374999999995 0.07585937499999999
0 0.3723125 0.291015625 0.027484375 0.04821875
0 0.597171875 0.731453125 0.03353125 0.092828125
0 0.20165625 0.46167187500000006 0.03528125 0.06890625
0 0.095703125 0.45703125 0.04328125 0.076421875
0 0.3986875 0.45728125000000003 0.030734375 0.0679375
0 0.382078125 0.395015625 0.027734375 0.06085937500000001
0 0.176390625 0.45996875 0.035828125 0.0676875
0 0.38403125 0.23523437500000002 0.02759375 0.04534375
0 0.028015625 0.61621875 0.043859375 0.069515625
0 0.543953125 0.621578125 0.027796875 0.0861875
0 0.457515625 0.46240625 0.02759375 0.068421875
0 0.18590625 0.618171875 0.0416875 0.073671875
0 0.250734375 0.625484375 0.03753125 0.07184375
0 0.30884375 0.290046875 0.028375 0.05645312500000001
0 0.73290625 0.2734375 0.023859375 0.05965625
0 0.06231250000000001 0.609859375 0.042578125 0.08039062500000001
0 0.33471875 0.619140625 0.0365625 0.07159375
0 0.2788125 0.39696875 0.032718750000000005 0.06281250000000001
0 0.41040625000000003 0.40064062500000003 0.027375 0.053796875
0 0.307375 0.40014062499999997 0.02859375 0.061890625
0 0.7890625 0.086484375 0.019859375000000002 0.04428125
0 0.258546875 0.150875 0.026921875 0.045203125
0 0.2366875 0.288578125 0.027796875 0.046625
0 0.61621875 0.46068749999999997 0.026359375 0.0705625
0 0.29321875 0.4609375 0.033203125 0.069640625
0 0.370359375 0.621578125 0.03365625 0.072515625
0 0.76171875 0.272953125 0.025265625000000003 0.057921875
0 0.043359375 0.24634375 0.03228125 0.045953125
0 0.49096875000000006 0.0364375 0.019203124999999998 0.03803125
0 0.80859375 0.633296875 0.03409375 0.08959375
0 0.649421875 0.625984375 0.029031249999999998 0.07781249999999999
0 0.7685625 0.6328125 0.033484375 0.089484375
0 0.517578125 0.45946875 0.025078125 0.06915625
0 0.49731249999999994 0.38915625 0.0270625 0.067078125
0 0.702640625 0.274171875 0.023421875 0.0548125
0 0.75 0.460453125 0.0298125 0.072390625
0 0.43432812500000006 0.111453125 0.019296874999999998 0.037328125000000004
0 0.06525 0.46314062500000003 0.039953125 0.058984375
0 0.14209375 0.72265625 0.047328125 0.0910625
0 0.339359375 0.46118750000000003 0.032046875 0.06634375
0 0.366453125 0.45996875 0.030156250000000002 0.0703125
0 0.774421875 0.018984375 0.018546874999999997 0.03796875
0 0.403328125 0.62353125 0.03353125 0.07781249999999999
0 0.106328125 0.12989062499999998 0.02859375 0.03615625
0 0.543453125 0.9545937500000001 0.030328125 0.086
0 0.1850625 0.12285937499999999 0.02484375 0.034937499999999996
0 0.259765625 0.731453125 0.044765624999999996 0.096375
0 0.671390625 0.22473437500000001 0.025421875 0.053984374999999994
0 0.42603125000000003 0.041078125 0.019203124999999998 0.040015625
0 0.43579687500000003 0.23145312499999998 0.02365625 0.056546874999999996
0 0.525875 0.39184375 0.028171875000000002 0.06646875
0 0.67725 0.397953125 0.026609375 0.06348437500000001
0 0.20837500000000003 0.12157812500000001 0.028015625 0.034609375
0 0.85546875 0.45971875000000006 0.03403125 0.076296875
0 0.40454687500000003 0.012687499999999999 0.018875 0.025359375
0 0.253421875 0.052609375 0.02215625 0.039796874999999995
0 0.12115625000000001 0.619140625 0.040765625 0.07134375
0 0.745609375 0.132078125 0.023421875 0.049859375
0 0.586921875 0.27709375 0.02303125 0.053500000000000006
0 0.24939062500000003 0.946296875 0.042640625 0.0861875
0 0.8432656250000001 0.63134375 0.038328125000000005 0.094
0 0.3049375 0.016015625 0.021625 0.029984375
0 0.520015625 0.142828125 0.02215625 0.046546875
0 0.44653124999999994 0.9526406250000001 0.034234375 0.088015625
0 0.20910937500000001 0.287109375 0.028765625 0.053093749999999995
0 0.214484375 0.15465625 0.02640625 0.037203125
0 0.25121875 0.397703125 0.033390625 0.05834375000000001
0 0.7475625 0.9467812500000001 0.035890624999999995 0.099796875
0 0.821296875 0.276125 0.0305625 0.063234375
0 0.23145312499999998 0.463875 0.038609375 0.068546875
0 0.114984375 0.29053125 0.0315625 0.052031249999999994
0 0.18457812499999998 0.2888125 0.028968749999999998 0.051453125
0 0.44018750000000006 0.40014062499999997 0.02753125 0.054109375
0 0.11340625 0.40478125 0.03934375 0.04940625
0 0.349125 0.40307812500000006 0.030156250000000002 0.05292187499999999
0 0.690921875 0.732421875 0.0305625 0.0935
0 0.260984375 0.28809375 0.030921874999999998 0.052515624999999996
0 0.7006875 0.9614218749999999 0.029078125 0.074640625
0 0.167359375 0.40112500000000006 0.035671875 0.05500000000000001
0 0.135859375 0.29028125 0.028218749999999997 0.051453125
0 0.55078125 0.45971875000000006 0.02484375 0.0571875
0 0.53271875 0.03265625 0.018875 0.038234375
0 0.335453125 0.282953125 0.02828125 0.056546874999999996
0 0.40307812500000006 0.287359375 0.027437499999999997 0.049140625
0 0.166140625 0.12067187500000001 0.024796875 0.041328125
0 0.356453125 0.11260937499999998 0.026109375 0.038171875
0 0.500984375 0.10778125000000001 0.021124999999999998 0.039484375
0 0.1953125 0.404296875 0.03775 0.053984374999999994
0 0.641109375 0.098453125 0.020515625000000003 0.039546874999999995
0 0.72559375 0.226078125 0.0241875 0.04409375
0 0.3984375 0.04296875 0.02284375 0.038171875
0 0.1169375 0.931640625 0.043359375 0.0888125
0 0.21154687499999997 0.02346875 0.02203125 0.0305
0 0.456546875 0.11046875 0.022078125 0.038109375
0 0.333984375 0.044 0.021453125 0.038703125
0 0.091734375 0.614265625 0.044187500000000005 0.070671875
0 0.477546875 0.10992187499999999 0.0199375 0.038109375
0 0.162109375 0.288578125 0.030671874999999998 0.051671875
0 0.2473125 0.11554687500000001 0.026859375 0.039281250000000004
0 0.44825 0.041234375000000004 0.01953125 0.037265625000000004
0 0.249265625 0.0189375 0.021124999999999998 0.03534375
0 0.547359375 0.10521875 0.020015625000000002 0.038609375
0 0.7319375 0.729 0.0388125 0.094671875
0 0.660640625 0.022078125 0.01871875 0.044
0 0.90528125 0.734859375 0.0731875 0.059203125
0 0.056546874999999996 0.089296875 0.03671875 0.031015625
0 0.016125 0.46020312499999994 0.032234374999999996 0.06109375
0 0.08728125 0.40503125000000006 0.035546875 0.047093750000000004
0 0.068296875 0.292484375 0.03265625 0.050046875000000005
0 0.49974999999999997 0.9565468750000001 0.03671875 0.083859375
0 0.018984375 0.291265625 0.03259375 0.051765625
0 0.038703125 0.46484375 0.040625 0.05890625000000001
0 0.014609374999999999 0.17285937499999998 0.029218749999999998 0.03390625
0 0.2629375 0.019796875 0.021234375 0.032171875
0 0.7788125 0.734859375 0.04184375 0.086796875
0 0.093328125 0.291265625 0.0315 0.04840625
0 0.534671875 0.00971875 0.017109375 0.019125
0 0.038171875 0.403328125 0.041140625 0.051937500000000004
0 0.45459375 0.012828125000000001 0.018375 0.025625
0 0.275640625 0.046718749999999996 0.0263125 0.0391875
0 0.089109375 0.24523437499999998 0.036625000000000005 0.045203125
0 0.349859375 0.23815624999999999 0.030109375 0.045875
0 0.491703125 0.012421875 0.016718749999999998 0.024609375
0 0.015015625 0.405765625 0.030046875 0.0479375
0 0.018578125 0.15625 0.030109375 0.02665625
0 0.11200000000000002 0.16040625 0.03384375 0.04803125
0 0.046015625 0.292484375 0.03365625 0.05109375000000001
0 0.01328125 0.048671874999999996 0.02640625 0.04321875
0 0.19678125 0.055609375 0.02284375 0.034828125
0 0.28540625 0.015953125000000002 0.023140625 0.031796875
0 0.010546875 0.712890625 0.02109375 0.076296875
0 0.474125 0.012375 0.020140625000000002 0.02434375
0 0.162359375 0.05632812499999999 0.023953125 0.037203125
0 0.9477499999999999 0.9477499999999999 0.068421875 0.0861875
0 0.12359374999999999 0.129390625 0.031734374999999995 0.033390625
0 0.17834375 0.055203125 0.021203125 0.035546875
0 0.19421875 0.027109375 0.021046875 0.029984375
0 0.104671875 0.0100625 0.03028125 0.01934375
0 0.931640625 0.857421875 0.065125 0.068421875
0 0.1744375 0.029140624999999996 0.021015625 0.028375
0 0.224859375 0.120359375 0.027953125000000002 0.03353125
0 0.916015625 0.78809375 0.085078125 0.065609375