0 0.8520468749999999 0.45996875 0.032718750000000005 0.075015625
0 0.8168906249999999 0.46020312499999994 0.032046875 0.073671875
0 0.728515625 0.728515625 0.03678125 0.091375
0 0.25390625 0.620125 0.039125 0.07921875
0 0.72803125 0.62646875 0.03278125 0.08039062500000001
0 0.9854375 0.6123125 0.029125 0.071234375
0 0.37084375 0.620125 0.034937499999999996 0.082390625
0 0.4609375 0.235109375 0.025 0.052125
0 0.47925000000000006 0.10796874999999999 0.022078125 0.042812499999999996
0 0.0676875 0.40404687499999997 0.034296875 0.056765625
0 0.880859375 0.633296875 0.039546874999999995 0.08106250000000001
0 0.165890625 0.93653125 0.047421875 0.083625
0 0.7788125 0.73584375 0.0416875 0.08692187500000001
0 0.110109375 0.1640625 0.028375 0.043125000000000004
0 0.770515625 0.6328125 0.033203125 0.0833125
0 0.23107812499999997 0.46509375000000003 0.037046875 0.06109375
0 0.198125 0.401859375 0.03515625 0.06621875
0 0.671875 0.275640625 0.02303125 0.056125
0 0.807625 0.633796875 0.03540625 0.088015625
0 0.757328125 0.2734375 0.023703125 0.057921875
0 0.429203125 0.286140625 0.02446875 0.051171875
0 0.56103125 0.28003125 0.024046875000000002 0.05440625
0 0.30321875 0.156 0.025625 0.035484375
0 0.67821875 0.45824999999999994 0.02790625 0.06096875
0 0.8466875 0.633296875 0.04015625 0.08959375
0 0.340828125 0.7295 0.035671875 0.080625
0 0.286375 0.288328125 0.029421874999999997 0.05632812499999999
0 0.103390625 0.729 0.047796875 0.085265625
0 0.302984375 0.9448281250000001 0.03746875 0.084171875
0 0.301515625 0.726078125 0.0378125 0.077390625
0 0.253421875 0.9375 0.04146875 0.08740624999999999
0 0.6665 0.138421875 0.022203125 0.048765625
0 0.598640625 0.729984375 0.032718750000000005 0.092828125
0 0.146234375 0.125734375 0.024 0.034999999999999996
0 0.653328125 0.62403125 0.028218749999999997 0.0856875
0 0.74853125 0.463375 0.030375000000000003 0.075984375
0 0.48120312500000006 0.285640625 0.02665625 0.05996875
0 0.702640625 0.273921875 0.02175 0.05759375
0 0.78759375 0.2736875 0.025625 0.06029687500000001
0 0.524421875 0.1066875 0.0195 0.04321875
0 0.96875 0.527828125 0.038234375 0.078796875
0 0.40478125 0.62403125 0.03353125 0.07585937499999999
0 0.6435625 0.45996875 0.026265624999999997 0.07171875
0 0.777828125 0.392828125 0.029484375 0.058984375
0 0.69140625 0.6274375 0.032234374999999996 0.086484375
0 0.47290625000000003 0.14953125 0.02165625 0.039953125
0 0.49121875 0.0391875 0.018609375 0.03875
0 0.143671875 0.723140625 0.047875 0.091859375
0 0.302 0.620125 0.03746875 0.07709375
0 0.78515625 0.096375 0.021234375 0.0350625
0 0.712890625 0.45971875000000006 0.029249999999999998 0.073421875
0 0.7836875 0.45873437499999997 0.03021875 0.073859375
0 0.14209375 0.405765625 0.03803125 0.0505
0 0.43359375 0.62403125 0.034828125 0.0808125
0 0.1066875 0.134640625 0.028937499999999998 0.037593749999999995
0 0.095890625 0.290765625 0.03746875 0.053593749999999996
0 0.593265625 0.104125 0.0174375 0.03615625
0 0.35790625 0.118171875 0.025374999999999998 0.0391875
0 0.8081093750000001 0.22156250000000002 0.027734375 0.049140625
0 0.536625 0.23376562500000003 0.02409375 0.045203125
0 0.026546874999999998 0.722171875 0.051171875 0.09271875
0 0.332765625 0.053500000000000006 0.022328124999999997 0.033203125
0 0.114203125 0.9311562500000001 0.038171875 0.087890625
0 0.570796875 0.10595312500000001 0.020015625000000002 0.0406875
0 0.7085 0.3933125 0.029249999999999998 0.067203125
0 0.134765625 0.158453125 0.031078125 0.042578125
0 0.818359375 0.269046875 0.030796875 0.067203125
0 0.016828125 0.461421875 0.03365625 0.06384375
0 0.474609375 0.624515625 0.0288125 0.07781249999999999
0 0.336421875 0.622078125 0.0376875 0.08154687499999999
0 0.55225 0.036625000000000005 0.019453124999999998 0.040765625
0 0.411625 0.11517187499999999 0.022984375 0.035953125
0 0.444828125 0.9516562499999999 0.031078125 0.086484375
0 0.40356249999999994 0.28809375 0.02665625 0.0570625
0 0.395515625 0.051546875000000006 0.02178125 0.03746875
0 0.9248125 0.338875 0.030109375 0.065609375
0 0.024281249999999997 0.297125 0.038109375 0.049046875000000004
0 0.09601562500000001 0.39696875 0.038609375 0.065609375
0 0.2605 0.727546875 0.046546875 0.09912499999999999
0 0.296875 0.241828125 0.02975 0.040375
0 0.61571875 0.39453125 0.023078124999999998 0.061984375
0 0.156734375 0.618171875 0.036984375 0.0755625
0 0.313234375 0.120125 0.026546874999999998 0.038906249999999996
0 0.2944375 0.4609375 0.034296875 0.069515625
0 0.21154687499999997 0.9223593749999999 0.048765625 0.098265625
0 0.034609375 0.61475 0.042234375000000005 0.06634375
0 0.191046875 0.619625 0.039281250000000004 0.078921875
0 0.376953125 0.286859375 0.028484375 0.058015625
0 0.544921875 0.954109375 0.030921874999999998 0.085875
0 0.40454687500000003 0.1535625 0.024046875000000002 0.04321875
0 0.899421875 0.731453125 0.06634375 0.0571875
0 0.2211875 0.617671875 0.039484375 0.082703125
0 0.578125 0.62109375 0.02590625 0.086
0 0.753421875 0.9487343750000001 0.03371875 0.09601562500000001
0 0.30859375 0.40064062500000003 0.026859375 0.056859375000000004
0 0.544921875 0.623046875 0.027437499999999997 0.08301562500000001
0 0.04146875 0.40551562499999994 0.0390625 0.05059375000000001
0 0.238765625 0.15515625 0.028937499999999998 0.046109375
0 0.385015625 0.236578125 0.027640625000000002 0.043125000000000004
0 0.15209375 0.463375 0.034875 0.058234375000000005
0 0.613765625 0.4585 0.024281249999999997 0.06915625
0 0.064640625 0.611328125 0.043703124999999995 0.081671875
0 0.581546875 0.46264062499999997 0.025796875000000004 0.065609375
0 0.700203125 0.9609375 0.030156250000000002 0.07575
0 0.509765625 0.61865625 0.026609375 0.0861875
0 0.35009375 0.2366875 0.028875 0.045015625
0 0.52490625 0.401375 0.0255625 0.056640625
0 0.226078125 0.40404687499999997 0.034296875 0.054296875
0 0.070921875 0.2445 0.040984375 0.051359375
0 0.3256875 0.017906250000000002 0.021984375 0.031984374999999995
0 0.016 0.602546875 0.032015625 0.0731875
0 0.585453125 0.39453125 0.025124999999999998 0.0626875
0 0.296875 0.04940625 0.025468750000000002 0.039281250000000004
0 0.5 0.954109375 0.034296875 0.084046875
0 0.3518125 0.40599999999999997 0.03021875 0.053984374999999994
0 0.61571875 0.620125 0.029921874999999997 0.095515625
0 0.263671875 0.461921875 0.038609375 0.0704375
0 0.176265625 0.461921875 0.03775 0.056640625
0 0.3413125 0.46215624999999994 0.032234374999999996 0.06029687500000001
0 0.251953125 0.11962500000000001 0.026703125 0.03634375
0 0.04534375 0.25415625 0.03228125 0.041140625
0 0.2109375 0.12475 0.02784375 0.033390625
0 0.33959375 0.28515625 0.0315625 0.05865625
0 0.3986875 0.46264062499999997 0.029921874999999997 0.07146875
0 0.040625 0.45946875 0.039281250000000004 0.065484375
0 0.068171875 0.46240625 0.0376875 0.063046875
0 0.919921875 0.8403281249999999 0.0779375 0.065984375
0 0.49048437500000003 0.46215624999999994 0.026546874999999998 0.063359375
0 0.49193749999999997 0.395515625 0.02484375 0.06109375
0 0.364015625 0.016984375 0.020515625000000003 0.030625000000000003
0 0.095890625 0.61475 0.04453125 0.07409375
0 0.368890625 0.461421875 0.030156250000000002 0.068296875
0 0.25121875 0.402828125 0.03259375 0.0548125
0 0.181640625 0.057796875000000004 0.024796875 0.039796874999999995
0 0.09271875 0.46557812500000006 0.038703125 0.060421875
0 0.521 0.45971875000000006 0.0260625 0.07195312499999999
0 0.555171875 0.397953125 0.024703125 0.058140625
0 0.14453125 0.064640625 0.028015625 0.032468750000000005
0 0.42993750000000003 0.46068749999999997 0.029203125000000003 0.07171875
0 0.474609375 0.014343749999999999 0.018640625 0.028687499999999998
0 0.461421875 0.388421875 0.025671875 0.063234375
0 0.38134375 0.397953125 0.0268125 0.05728124999999999
0 0.40454687500000003 0.01665625 0.020640625000000003 0.03240625
0 0.126703125 0.6118125 0.04296875 0.08196875
0 0.203375 0.055609375 0.027375 0.03528125
0 0.2785625 0.40478125 0.033265625 0.05625
0 0.20678125 0.45946875 0.036828125 0.063046875
0 0.099484375 0.022625 0.03125 0.028171875000000002
0 0.435546875 0.401375 0.027375 0.0496875
0 0.24096875 0.052828125000000004 0.028109375 0.037328125000000004
0 0.0614375 0.09234375 0.034828125 0.0268125
0 0.916015625 0.783203125 0.08196875 0.05865625
0 0.122015625 0.45946875 0.041078125 0.07184375
0 0.1565 0.03371875 0.025796875000000004 0.031140624999999998
0 0.458984375 0.458015625 0.028484375 0.0703125
0 0.43359375 0.014468749999999999 0.021234375 0.028937499999999998
0 0.249265625 0.021703125 0.022578124999999998 0.03409375
0 0.012109375 0.067078125 0.02421875 0.036078125
0 0.41015625 0.38575 0.026000000000000002 0.060765625000000004
0 0.70165625 0.007062499999999999 0.016921875 0.014000000000000002
0 0.21301562500000001 0.027640625000000002 0.025265625000000003 0.03021875
0 0.023859375 0.039703125 0.023140625 0.027109375
0 0.478515625 0.187859375 0.04153125 0.0315
0 0.0091875 0.196046875 0.017906250000000002 0.034187499999999996
0 0.031140624999999998 0.138921875 0.0406875 0.038390625
0 0.551765625 0.4555625 0.0249375 0.066953125
0 0.179078125 0.031921875 0.029312500000000002 0.034546875
0 0.9545937500000001 0.938484375 0.06609374999999999 0.08039062500000001
0 0.11474999999999999 0.00553125 0.031859375 0.01040625
0 0.04959375 0.108765625 0.03521875 0.028968749999999998
0 0.30590625 0.017781250000000002 0.0195 0.030156250000000002
0 0.2841875 0.019796875 0.02590625 0.029140624999999996
0 0.2685625 0.021453125 0.0235625 0.028546875
0 0.00803125 0.712890625 0.016015625 0.07434375
0 0.008609374999999999 0.3984375 0.017203125 0.05759375