0 0.6151093750000001 0.45949999999999996 0.032296875 0.082203125
0 0.551265625 0.4585 0.02590625 0.072625
0 0.396484375 0.46068749999999997 0.029593750000000002 0.068546875
0 0.42993750000000003 0.46215624999999994 0.028109375 0.067203125
0 0.6748125 0.280765625 0.022375 0.05632812499999999
0 0.690921875 0.626953125 0.031859375 0.079890625
0 0.76171875 0.277828125 0.025718750000000002 0.059750000000000004
0 0.65478125 0.626953125 0.030796875 0.0779375
0 0.367921875 0.45946875 0.032234374999999996 0.06928125
0 0.5835 0.45923437500000003 0.027109375 0.074640625
0 0.614265625 0.624515625 0.030625000000000003 0.078796875
0 0.29565625 0.461421875 0.034875 0.06903125
0 0.6171875 0.40112500000000006 0.02590625 0.056859375000000004
0 0.7788125 0.46118750000000003 0.030734375 0.061890625
0 0.372078125 0.61571875 0.0305625 0.08039062500000001
0 0.588375 0.284421875 0.02303125 0.05234375
0 0.56153125 0.284421875 0.02271875 0.05440625
0 0.157953125 0.619625 0.042078125 0.08196875
0 0.588875 0.399421875 0.025468750000000002 0.05500000000000001
0 0.7421875 0.135984375 0.021703125 0.047609374999999995
0 0.761234375 0.63134375 0.03628125 0.08196875
0 0.52196875 0.458984375 0.02753125 0.0753125
0 0.508296875 0.286625 0.024 0.051171875
0 0.09534375 0.617671875 0.041078125 0.073859375
0 0.743171875 0.460453125 0.031734374999999995 0.0755625
0 0.19165625 0.61621875 0.03790625 0.081234375
0 0.731453125 0.27759375 0.025124999999999998 0.05878124999999999
0 0.45873437499999997 0.46264062499999997 0.028703125000000003 0.073296875
0 0.793453125 0.12865625 0.02390625 0.05184375
0 0.48975 0.46020312499999994 0.028937499999999998 0.07409375
0 0.70215625 0.274171875 0.025 0.0626875
0 0.648921875 0.4585 0.02615625 0.0730625
0 0.33740625 0.62353125 0.03621875 0.073421875
0 0.465828125 0.3986875 0.027796875 0.054593749999999996
0 0.354 0.399171875 0.03228125 0.05696875
0 0.410640625 0.40209374999999997 0.028765625 0.054203125
0 0.338875 0.46068749999999997 0.03125 0.068296875
0 0.25659375 0.624515625 0.039546874999999995 0.0754375
0 0.66796875 0.140015625 0.01934375 0.044437500000000005
0 0.80371875 0.39696875 0.034359375 0.069640625
0 0.47509375 0.6279375 0.032109375 0.07079687500000001
0 0.61865625 0.281 0.025046875000000003 0.058437499999999996
0 0.57715625 0.626953125 0.029203125000000003 0.074640625
0 0.77196875 0.401375 0.029484375 0.064203125
0 0.30225 0.6225625 0.037046875 0.076109375
0 0.543453125 0.629390625 0.0288125 0.072265625
0 0.72803125 0.63134375 0.03259375 0.083859375
0 0.02109375 0.301265625 0.033078125 0.047515625
0 0.125859375 0.6171875 0.037328125000000004 0.08301562500000001
0 0.711921875 0.461921875 0.028968749999999998 0.075015625
0 0.8188437499999999 0.463375 0.035953125 0.068421875
0 0.22131249999999997 0.623046875 0.03775 0.073671875
0 0.64453125 0.276375 0.022796875 0.05996875
0 0.6435625 0.22949999999999998 0.02303125 0.044
0 0.43603125 0.400875 0.028437499999999998 0.0533125
0 0.72559375 0.22765624999999998 0.024 0.043515625
0 0.67871875 0.46264062499999997 0.02865625 0.0753125
0 0.853515625 0.46459374999999997 0.0365 0.07684375
0 0.263671875 0.463375 0.0365625 0.070671875
0 0.45337500000000003 0.28490625 0.02475 0.05371875
0 0.79053125 0.274171875 0.029546875 0.061890625
0 0.51025 0.629390625 0.029875000000000002 0.072390625
0 0.0676875 0.614265625 0.04321875 0.08478125
0 0.7685625 0.137078125 0.02521875 0.048671874999999996
0 0.61865625 0.2319375 0.023140625 0.042234375000000005
0 0.034703125 0.618171875 0.0416875 0.07134375
0 0.015609375 0.46459374999999997 0.031203124999999998 0.0676875
0 0.64453125 0.138546875 0.022421875 0.050234375
0 0.87890625 0.63915625 0.042234375000000005 0.0861875
0 0.8002968750000001 0.63184375 0.036828125 0.090390625
0 0.341796875 0.285640625 0.030625000000000003 0.061640625000000004
0 0.806640625 0.22509375 0.02759375 0.043953124999999996
0 0.309328125 0.398921875 0.03125 0.057796875000000004
0 0.67090625 0.22290625 0.023140625 0.047
0 0.7529375 0.228515625 0.0238125 0.042484375000000005
0 0.26196875 0.72803125 0.044437500000000005 0.099671875
0 0.718265625 0.135859375 0.023859375 0.052515624999999996
0 0.73828125 0.396234375 0.026265624999999997 0.06221875
0 0.8178750000000001 0.274421875 0.029546875 0.060765625000000004
0 0.380125 0.40356249999999994 0.03240625 0.0548125
0 0.44115624999999997 0.625 0.03403125 0.08196875
0 0.708984375 0.40112500000000006 0.027109375 0.06109375
0 0.263671875 0.286625 0.02859375 0.06009375
0 0.0624375 0.727546875 0.053093749999999995 0.10357812500000001
0 0.564453125 0.229734375 0.02271875 0.05014062500000001
0 0.7529375 0.025671875 0.022796875 0.042171875
0 0.22351562500000002 0.402828125 0.037046875 0.05371875
0 0.554203125 0.39453125 0.025671875 0.05996875
0 0.18103125 0.729 0.043359375 0.10175000000000001
0 0.8383749999999999 0.63575 0.04015625 0.094171875
0 0.81640625 0.02025 0.024656249999999998 0.039953125
0 0.495609375 0.400875 0.027171875 0.055515625
0 0.090875 0.462890625 0.04153125 0.06096875
0 0.9560625 0.46068749999999997 0.03521875 0.05109375000000001
0 0.30103125 0.724609375 0.038234375 0.07921875
0 0.7841875 0.08251562500000001 0.02346875 0.037046875
0 0.06621875 0.45873437499999997 0.039546874999999995 0.07396875
0 0.039546874999999995 0.45946875 0.039640625 0.074640625
0 0.64746875 0.38915625 0.027265624999999998 0.0704375
0 0.778328125 0.7319375 0.043453124999999995 0.081359375
0 0.030109375 0.722171875 0.046546875 0.09929687499999999
0 0.689453125 0.098453125 0.022765625 0.048578125
0 0.679203125 0.3855 0.026765624999999998 0.06915625
0 0.778328125 0.22570312499999998 0.025750000000000002 0.04303125
0 0.69678125 0.22778125 0.025328125 0.046718749999999996
0 0.205078125 0.46240625 0.037390625 0.073296875
0 0.21240625 0.9233437500000001 0.047875 0.102296875
0 0.233890625 0.4609375 0.03634375 0.070671875
0 0.523921875 0.397703125 0.026859375 0.058015625
0 0.727046875 0.024390625 0.022671875 0.04296875
0 0.684078125 0.025796875000000004 0.020453125 0.046390625000000005
0 0.04184375 0.254390625 0.031734374999999995 0.044187500000000005
0 0.970703125 0.53125 0.039796874999999995 0.08196875
0 0.705078125 0.025078125 0.020374999999999997 0.04578125
0 0.775390625 0.02175 0.02175 0.0435
0 0.124875 0.46068749999999997 0.04046875 0.067328125
0 0.797859375 0.020765625 0.02190625 0.04153125
0 0.8413125000000001 0.0189375 0.024703125 0.037046875
0 0.368171875 0.1484375 0.022078125 0.051546875000000006
0 0.9404375 0.4038125 0.034703125 0.05571875
0 0.735359375 0.0965625 0.02346875 0.0388125
0 0.150515625 0.45971875000000006 0.037203125 0.071234375
0 0.83984375 0.388421875 0.03390625 0.07195312499999999
0 0.096859375 0.1590625 0.0314375 0.05184375
0 0.11615625 0.29175 0.031921875 0.0548125
0 0.434578125 0.112421875 0.02225 0.035484375
0 0.76171875 0.094 0.0229375 0.04009375
0 0.252203125 0.9375 0.04803125 0.087890625
0 0.260984375 0.15209375 0.02665625 0.043703124999999995
0 0.044437500000000005 0.12359374999999999 0.03021875 0.033328125
0 0.51171875 0.73290625 0.03390625 0.0936875
0 0.094 0.035734375 0.03265625 0.026546874999999998
0 0.1794375 0.46020312499999994 0.037265625000000004 0.073296875
0 0.729984375 0.727046875 0.036890624999999996 0.091859375
0 0.984375 0.62890625 0.027953125000000002 0.085390625
0 0.01125 0.718265625 0.022375 0.08465625
0 0.16528125 0.935546875 0.048953125 0.08178125
0 0.252203125 0.0219375 0.02153125 0.028968749999999998
0 0.701171875 0.9575156249999999 0.03390625 0.074640625
0 0.286375 0.017046875 0.024046875000000002 0.028937499999999998
0 0.075984375 0.073296875 0.031609375 0.03278125
0 0.75634375 0.9497031249999999 0.035609375 0.096375
0 0.016468749999999997 0.40454687500000003 0.032937499999999995 0.05571875
0 0.1224375 0.92578125 0.046109375 0.0833125
0 0.1095 0.0115 0.03515625 0.022375
0 0.399421875 0.9585000000000001 0.044921875 0.07409375
0 0.91309375 0.78759375 0.075015625 0.07159375
0 0.92578125 0.859375 0.07195312499999999 0.0679375
0 0.212890625 0.02328125 0.028015625 0.028218749999999997
0 0.90234375 0.7373125 0.070671875 0.06634375
0 0.357671875 0.542 0.05234375 0.051765625
0 0.02365625 0.038109375 0.019265625 0.024281249999999997
0 0.011109375000000001 0.055421874999999995 0.02071875 0.0249375
0 0.007515625 0.03934375 0.014671875000000001 0.023078124999999998
0 0.9252968750000001 0.34765625 0.030625000000000003 0.0558125
0 0.3732640625 0.25694374999999997 0.3610234375 0.2887640625 0.3636609375 0.3179859375 0.3809265625 0.3179859375 0.3863390625 0.286390625 0.38985156249999997 0.2653734375
0 0.5017359375 0.21006874999999997 0.500203125 0.25622500000000004 0.523234375 0.25622500000000004 0.5241765625 0.20859062499999997
0 0.40341562499999994 0.21796406250000003 0.4008 0.2593109375 0.41506875 0.26426875 0.42327031249999997 0.2580546875 0.4259640625 0.2263328125 0.4196765625 0.214928125
0 0.318178125 0.1337796875 0.3114828125 0.15087343749999998 0.311159375 0.16753437499999999 0.3200609375 0.1779390625 0.3343921875 0.173434375 0.33875625 0.14769062500000002 0.3350609375 0.133171875 0.32210937500000003 0.13375625
0 0.60975 0.116965625 0.609540625 0.1413734375 0.6094546875 0.16494999999999999 0.620375 0.1689828125 0.6286203125000001 0.16241406249999998 0.627978125 0.11410625
0 0.6051734375 0.12001718750000001 0.605 0.1665015625 0.594321875 0.1688984375 0.5839015625 0.16085312499999999 0.584815625 0.123059375 0.59535625 0.11920468749999999
0 0.5802546875 0.12001718750000001 0.5803734375 0.16848125 0.5709453124999999 0.16848125 0.5623296875 0.16783281249999998 0.5626156250000001 0.11818437500000001 0.5722640625000001 0.116721875 0.5787671875 0.11928125
0 0.537028125 0.1225609375 0.5372343749999999 0.172375 0.5583234375 0.1726125 0.5564125 0.119109375 0.5378093749999999 0.121521875
0 0.5319421875 0.12357812500000001 0.5320218750000001 0.1738859375 0.512903125 0.172975 0.5125078125 0.12290000000000001 0.5212109375 0.119875 0.5271671875 0.1204703125
0 0.50600625 0.1301890625 0.5057625 0.179834375 0.48614687500000003 0.1787109375 0.48569843749999997 0.1303734375 0.4964984375 0.12798125
0 0.4643046875 0.1317140625 0.46254375000000003 0.173678125 0.48309375 0.17250937500000002 0.48480468749999994 0.1326890625
0 0.3900578125 0.096625 0.3865109375 0.1340609375 0.3717390625 0.12393281249999999 0.3630015625 0.1218328125 0.3699671875 0.094821875 0.3815484375 0.0966296875 0.3921671875 0.0969796875
0 0.6529765624999999 0.07780781249999999 0.6761921875 0.0775734375 0.6764265625 0.122159375 0.6526328125 0.11971093749999999 0.6514546875 0.078559375
0 0.6295843750000001 0.080859375 0.62924375 0.11782812499999999 0.6359843749999999 0.1105234375 0.6524687499999999 0.11157500000000001 0.6504984375 0.0794859375
0 0.6066984375 0.08441875 0.607290625 0.1177234375 0.6280796875 0.11603125 0.6262984375 0.08217656250000001
0 0.5802546875 0.0834015625 0.5803703125 0.12001718750000001 0.5705859375 0.11508125 0.5621390625 0.1218484375 0.561825 0.0792171875 0.5720125 0.0781359375
0 0.557878125 0.0818765625 0.557628125 0.12177968749999998 0.537965625 0.1213125 0.53824375 0.0792921875 0.5498234375 0.0795421875
0 0.53499375 0.0834015625 0.5344546875 0.12248125000000001 0.523246875 0.118246875 0.515728125 0.12320468749999999 0.5165093749999999 0.08080781249999999 0.525559375 0.0821671875
0 0.5131265625 0.084928125 0.512140625 0.1288390625 0.4939625 0.12805781249999998 0.49184687499999996 0.11957500000000001 0.492709375 0.0844265625 0.5031359375 0.082859375
0 0.650434375 0.0106796875 0.6519999999999999 0.0546953125 0.6702 0.0542265625 0.6734703125 0.034853125 0.6712359375 0.01000625 0.6616578125 0.0094046875
0 0.391075 0.026445312500000002 0.3871078125 0.0557015625 0.38967968750000004 0.0670453125 0.4003609375 0.0681515625 0.40765 0.0596734375 0.41010937500000005 0.037940625 0.40686875 0.02715 0.39663125 0.0234078125
0 0.4617625 0.133240625 0.4604296875 0.17133281250000001 0.45277968749999997 0.17620625 0.443503125 0.1698859375 0.4411921875 0.1612859375 0.4415796875 0.1318078125 0.4478 0.124584375 0.4565265625 0.1251765625
0 0.41751875 0.1322234375 0.41384999999999994 0.17273906249999998 0.40479062499999996 0.1765796875 0.39561875 0.1757296875 0.3913609375 0.16389375 0.395646875 0.13114375 0.40289062500000006 0.1258125 0.41210312499999996 0.1261015625
0 0.474984375 0.2512234375 0.47321562500000003 0.2124421875 0.46206718750000003 0.20757187500000002 0.453103125 0.2125359375 0.45196249999999993 0.2348859375 0.4513140625 0.25253281250000004 0.45646718750000004 0.2607453125 0.4638625 0.26177812500000003 0.47220781250000005 0.2581640625
0 0.4709171875 0.0895046875 0.47198593750000006 0.1292859375 0.4826453125 0.132278125 0.4890125 0.12857812500000002 0.49051718749999995 0.10842812500000001 0.49051718749999995 0.0900328125 0.48195781249999997 0.0870828125
0 0.22779218750000002 0.1441640625 0.2227984375 0.1746328125 0.21173906250000002 0.1790515625 0.20191875 0.17436875000000002 0.20023749999999998 0.1569171875 0.2090125 0.135403125 0.22050312500000002 0.1333109375 0.2299515625 0.134378125 0.22825937500000001 0.14384687499999999
0 0.28583125 0.096109375 0.2783890625 0.1253359375 0.27144843750000003 0.1310625 0.258415625 0.1308703125 0.254715625 0.1254640625 0.263728125 0.0923484375 0.27425 0.08878125
0 0.3675875 0.034325 0.3620828125 0.065409375 0.3536140625 0.0704078125 0.3455765625 0.0640609375 0.345315625 0.0504578125 0.348484375 0.0316265625 0.3568296875 0.02345 0.36623125 0.0262921875 0.367040625 0.033890625
0 0.3295171875 0.0293328125 0.32575468750000003 0.055260937499999996 0.3282109375 0.06873281249999999 0.3366140625 0.07180468749999999 0.344171875 0.064646875 0.34802656249999997 0.0448859375 0.34885781250000003 0.0323453125 0.3402078125 0.0255578125
0 0.194715625 0.046182812499999996 0.1901515625 0.0654359375 0.18663593750000002 0.07880625 0.1767140625 0.08099062500000001 0.1689234375 0.07020937499999999 0.1711734375 0.0495515625 0.1787671875 0.039271875 0.187271875 0.035721875 0.193203125 0.040999999999999995
0 0.1915953125 0.0180984375 0.18350625 0.0366484375 0.1709265625 0.040775 0.16286406250000002 0.0361734375 0.1694765625 0.017990625 0.1812 0.011365625