0 0.542859375 0.624703125 0.0295 0.078984375
0 0.474609375 0.625 0.031203124999999998 0.07825
0 0.438484375 0.623046875 0.03259375 0.08178125
0 0.508796875 0.625984375 0.028484375 0.07825
0 0.300046875 0.621578125 0.03628125 0.076421875
0 0.335453125 0.62109375 0.034765625 0.07575
0 0.521484375 0.45824999999999994 0.026453125 0.072390625
0 0.58203125 0.45776562500000006 0.0268125 0.0753125
0 0.254390625 0.62109375 0.0391875 0.07575
0 0.40234375 0.624515625 0.032890625 0.072265625
0 0.21984374999999998 0.619625 0.038453125 0.076109375
0 0.065984375 0.61084375 0.045015625 0.085078125
0 0.48975 0.45946875 0.026703125 0.069953125
0 0.45776562500000006 0.461421875 0.028765625 0.07079687500000001
0 0.64746875 0.390140625 0.024140625 0.070921875
0 0.73828125 0.39746875 0.02328125 0.064875
0 0.679203125 0.3930625 0.0260625 0.0703125
0 0.55321875 0.39428125 0.023078124999999998 0.0625625
0 0.614265625 0.45703125 0.024609375 0.07575
0 0.12157812500000001 0.61475 0.039796874999999995 0.077515625
0 0.7109375 0.3984375 0.023859375 0.06153125
0 0.339359375 0.46068749999999997 0.031984374999999995 0.06867187500000001
0 0.64990625 0.45776562500000006 0.02475 0.073296875
0 0.697265625 0.227296875 0.022796875 0.046296875
0 0.711921875 0.46068749999999997 0.027265624999999998 0.07421875
0 0.523921875 0.396734375 0.023953125 0.055937499999999994
0 0.3723125 0.613765625 0.033328125 0.074640625
0 0.617671875 0.27759375 0.022328124999999997 0.059203125
0 0.154171875 0.62109375 0.04409375 0.079046875
0 0.03621875 0.461921875 0.039546874999999995 0.0704375
0 0.6743125 0.282234375 0.022671875 0.057796875000000004
0 0.588375 0.399171875 0.023734375 0.052609375
0 0.64453125 0.276609375 0.023109374999999998 0.05865625
0 0.494140625 0.399171875 0.0255625 0.055109375
0 0.79590625 0.129515625 0.023140625 0.051171875
0 0.176515625 0.46020312499999994 0.037328125000000004 0.06982812499999999
0 0.762203125 0.094359375 0.02178125 0.0419375
0 0.8178750000000001 0.019296874999999998 0.022984375 0.036984375
0 0.187859375 0.61621875 0.040375 0.0808125
0 0.028171875000000002 0.612796875 0.045875 0.069515625
0 0.23376562500000003 0.46215624999999994 0.037593749999999995 0.069515625
0 0.203484375 0.46167187500000006 0.03796875 0.06867187500000001
0 0.719234375 0.132078125 0.0219375 0.052125
0 0.06384375 0.45971875000000006 0.03896875 0.07146875
0 0.841796875 0.0168125 0.024234375 0.033609375000000004
0 0.06109375 0.7265625 0.051671875 0.09668750000000001
0 0.395015625 0.45996875 0.028171875000000002 0.06928125
0 0.293453125 0.46068749999999997 0.032109375 0.06903125
0 0.258796875 0.731453125 0.04578125 0.098078125
0 0.27709375 0.399171875 0.03284375 0.059875
0 0.14734375 0.45996875 0.03678125 0.06890625
0 0.8188437499999999 0.27221875 0.029421874999999997 0.05834375000000001
0 0.252203125 0.399171875 0.03234375 0.058437499999999996
0 0.365234375 0.45946875 0.029031249999999998 0.069515625
0 0.377203125 0.40503125000000006 0.029312500000000002 0.05234375
0 0.64209375 0.22864062500000001 0.021453125 0.047
0 0.019640625000000002 0.296625 0.03540625 0.055937499999999994
0 0.194578125 0.40454687500000003 0.035828125 0.056125
0 0.726078125 0.22864062500000001 0.0225 0.040984375
0 0.262203125 0.46167187500000006 0.03403125 0.0674375
0 0.587890625 0.280515625 0.021156249999999998 0.05090625
0 0.427734375 0.2815 0.025078125 0.05696875
0 0.30615625 0.40209374999999997 0.0315 0.061984375
0 0.35059375 0.40112500000000006 0.030328125 0.053093749999999995
0 0.73584375 0.094671875 0.020421875 0.038703125
0 0.089109375 0.397703125 0.034296875 0.05571875
0 0.42871875 0.461421875 0.027265624999999998 0.06804687499999999
0 0.09271875 0.458015625 0.04296875 0.069515625
0 0.01615625 0.40503125000000006 0.0314375 0.055609375
0 0.7524375 0.022625 0.02096875 0.039640625
0 0.388671875 0.237921875 0.025421875 0.048125
0 0.061984375 0.40064062500000003 0.035734375 0.053796875
0 0.12128125000000001 0.45923437500000003 0.038109375 0.06982812499999999
0 0.014703125000000001 0.46118750000000003 0.029406250000000002 0.068171875
0 0.532234375 0.27978125 0.022765625 0.057703125
0 0.260984375 0.2888125 0.0313125 0.057703125
0 0.671390625 0.223015625 0.024046875000000002 0.0533125
0 0.11181250000000001 0.403328125 0.036890624999999996 0.0533125
0 0.346921875 0.24109375000000002 0.027375 0.046109375
0 0.77490625 0.019953125 0.01909375 0.03990625
0 0.507328125 0.2815 0.02475 0.05865625
0 0.21996875 0.40698437500000006 0.036828125 0.05500000000000001
0 0.23424999999999999 0.289546875 0.03253125 0.058234375000000005
0 0.876953125 0.638671875 0.040984375 0.080078125
0 0.705078125 0.022984375 0.018609375 0.042640625
0 0.68359375 0.02390625 0.019640625000000002 0.041140625
0 0.068546875 0.2915 0.03240625 0.0531875
0 0.14075 0.40404687499999997 0.038390625 0.052031249999999994
0 0.465328125 0.401375 0.027375 0.053500000000000006
0 0.3671875 0.1481875 0.0238125 0.047234375
0 0.13574999999999998 0.289546875 0.03253125 0.054203125
0 0.1615 0.287109375 0.031203124999999998 0.053500000000000006
0 0.645515625 0.134890625 0.021203125 0.05059375000000001
0 0.43628125000000006 0.40454687500000003 0.028109375 0.056125
0 0.1849375 0.287109375 0.031984374999999995 0.05500000000000001
0 0.5131875 0.2319375 0.021625 0.04428125
0 0.32178125 0.23523437500000002 0.025953125 0.045953125
0 0.618171875 0.23034374999999999 0.021234375 0.042640625
0 0.408203125 0.40478125 0.027484375 0.054296875
0 0.56103125 0.28003125 0.021984375 0.053093749999999995
0 0.689453125 0.090765625 0.020453125 0.03796875
0 0.562984375 0.226921875 0.019984375 0.04559375
0 0.11517187499999999 0.289796875 0.029703125000000004 0.051546875000000006
0 0.0910625 0.161625 0.025718750000000002 0.04296875
0 0.715328125 0.095890625 0.0199375 0.0365625
0 0.63915625 0.024703125 0.018046875 0.043515625
0 0.164421875 0.40551562499999994 0.038546875 0.052703124999999997
0 0.90528125 0.734859375 0.064640625 0.05878124999999999
0 0.727546875 0.70459375 0.028171875000000002 0.048765625
0 0.045203125 0.292484375 0.032718750000000005 0.0533125
0 0.208625 0.290046875 0.03371875 0.0571875
0 0.338625 0.286625 0.02865625 0.05759375
0 0.538578125 0.22864062500000001 0.02034375 0.042171875
0 0.6171875 0.099671875 0.018828125 0.03678125
0 0.692875 0.13403125 0.022203125 0.05090625
0 0.309078125 0.291265625 0.029921874999999997 0.05571875
0 0.375484375 0.286859375 0.027109375 0.055515625
0 0.64209375 0.096859375 0.019609375000000002 0.03534375
0 0.453125 0.284421875 0.0249375 0.053500000000000006
0 0.40209374999999997 0.286140625 0.025953125 0.053500000000000006
0 0.286140625 0.288578125 0.03021875 0.05759375
0 0.012015625 0.71875 0.023859375 0.085078125
0 0.24817187500000001 0.240484375 0.029078125 0.038234375
0 0.666015625 0.093203125 0.01990625 0.03378125
0 0.1565 0.24059375 0.0268125 0.038609375
0 0.986328125 0.63134375 0.025625 0.0885
0 0.727546875 0.022203125 0.01971875 0.040625
0 0.590328125 0.23181250000000003 0.021703125 0.04525
0 0.29834375 0.24010937499999999 0.029593750000000002 0.04459375
0 0.4350625 0.238765625 0.023421875 0.044765624999999996
0 0.41137499999999994 0.24010937499999999 0.025265625000000003 0.043359375
0 0.47973437499999994 0.28784375 0.024890625 0.047609374999999995
0 0.10540624999999999 0.124203125 0.02175 0.03753125
0 0.064390625 0.25121875 0.0304375 0.0378125
0 0.01525 0.17309375 0.0288125 0.034703125
0 0.038453125 0.251953125 0.0305625 0.03628125
0 0.029203125000000003 0.138796875 0.03378125 0.029703125000000004
0 0.047328125 0.106328125 0.032046875 0.0305
0 0.931640625 0.85546875 0.081671875 0.056640625
0 0.199578125 0.24279687499999997 0.032953125 0.041375
0 0.66259375 0.027265624999999998 0.01640625 0.03371875
0 0.742671875 0.171875 0.038703125 0.0406875
0 0.110296875 0.008749999999999999 0.033015625 0.016718749999999998
0 0.010609375 0.065484375 0.020765625 0.03746875
0 0.21203124999999998 0.926765625 0.043609375 0.1014375
0 0.097234375 0.021703125 0.0305 0.028015625
0 0.022468750000000003 0.156125 0.032890625 0.03371875
0 0.056859375000000004 0.083734375 0.03278125 0.029249999999999998
0 0.7915 0.0072968749999999995 0.0205625 0.013796875
0 0.6259234375 0.11479999999999999 0.6117265625 0.11439375 0.6113203125 0.16145 0.6279515625000001 0.16226093749999998 0.627546875 0.11601718750000001
0 0.594890625 0.139140625 0.0190625 0.050296875
0 0.571359375 0.140765625 0.0174375 0.048671874999999996
0 0.5466249999999999 0.14259375000000002 0.0215 0.04340625
0 0.521671875 0.145625 0.02109375 0.052734375
0 0.49671875 0.15131250000000002 0.0213125 0.0455
0 0.47270312499999995 0.151484375 0.021671875 0.042249999999999996
0 0.44978125 0.14878125 0.019140625 0.049828125
0 0.429375 0.149140625 0.0209375 0.05128125
0 0.404453125 0.150046875 0.0245625 0.04946875
0 0.344328125 0.151125 0.016968749999999998 0.0473125
0 0.32265625 0.1529375 0.024921875 0.043703124999999995
0 0.300453125 0.14950000000000002 0.0195 0.050562499999999996
0 0.278609375 0.151859375 0.019859375000000002 0.050921875000000005
0 0.255859375 0.151484375 0.020578125 0.04875
0 0.23509375000000002 0.151484375 0.021671875 0.053078125
0 0.21378124999999998 0.155828125 0.023109374999999998 0.04296875
0 0.19012500000000002 0.15492187500000001 0.0213125 0.0440625
0 0.170625 0.15690625 0.02275 0.045859375
0 0.150046875 0.158359375 0.020578125 0.045859375
0 0.12765625 0.159796875 0.019859375000000002 0.043703124999999995
0 0.10834375 0.16196875 0.017328125 0.045140625000000004
0 0.1253125 0.12259374999999999 0.0209375 0.02996875
0 0.1448125 0.123140625 0.013718749999999998 0.028890624999999996
0 0.162328125 0.11934375 0.019140625 0.033578125
0 0.184171875 0.1171875 0.02021875 0.03503125
0 0.206203125 0.118453125 0.0209375 0.0325
0 0.226421875 0.117359375 0.01878125 0.03178125
0 0.246640625 0.11121875 0.016609375000000003 0.033953125
0 0.2685 0.107078125 0.02275 0.032859375
0 0.291421875 0.11014062499999999 0.0209375 0.028171875000000002
0 0.313453125 0.10996874999999999 0.017328125 0.0278125
0 0.333671875 0.11284374999999999 0.016609375000000003 0.029249999999999998
0 0.3544375 0.11140625 0.0213125 0.02853125
0 0.37701562499999997 0.110328125 0.021671875 0.026359375
0 0.5934999999999999 0.09515625 0.018421874999999997 0.042249999999999996
0 0.571109375 0.09659375 0.018421874999999997 0.039359375
0 0.54871875 0.098953125 0.018421874999999997 0.040453125
0 0.524890625 0.1058125 0.020578125 0.036828125
0 0.501953125 0.10671875 0.018062500000000002 0.040078125
0 0.48065625 0.109234375 0.017328125 0.039359375
0 0.46025 0.105625 0.019859375000000002 0.04153125
0 0.43496875 0.10653125000000001 0.018421874999999997 0.03178125
0 0.412765625 0.10959375 0.022390625 0.02996875
0 0.06465625 0.072203125 0.03578125 0.01559375
0 0.07846875 0.059687500000000004 0.03578125 0.022234375
0 0.083578125 0.04459375 0.035265625 0.023765625000000002
0 0.139171875 0.060312500000000005 0.021718750000000002 0.03578125
0 0.15923437499999998 0.060578125000000003 0.017374999999999998 0.036296875
0 0.17853125 0.056874999999999995 0.020703125 0.040125
0 0.19834374999999999 0.057499999999999996 0.019421874999999998 0.037828125000000004
0 0.21584374999999997 0.052531249999999995 0.021718750000000002 0.0370625
0 0.23731249999999998 0.051625 0.0201875 0.033734375
0 0.25571875 0.05175 0.018140625 0.04421875
0 0.27590625 0.047281250000000004 0.021718750000000002 0.0368125
0 0.29584375 0.048171874999999996 0.02121875 0.039609375
0 0.31565625 0.04984375 0.017890625 0.0373125
0 0.334828125 0.046265625 0.016359375000000002 0.04446875
0 0.35296875 0.046 0.01890625 0.041921875
0 0.375328125 0.045625 0.0196875 0.04421875
0 0.398078125 0.04421875 0.024281249999999997 0.043453124999999995
0 0.428109375 0.0426875 0.019421874999999998 0.037828125000000004
0 0.4486875 0.04115625 0.017640625 0.040890625
0 0.470671875 0.039359375 0.0196875 0.04446875
0 0.491625 0.038593749999999996 0.019171874999999998 0.041921875
0 0.510921875 0.038343749999999996 0.016875 0.04140625
0 0.5315000000000001 0.033234375 0.01865625 0.049078125
0 0.55565625 0.033359375000000004 0.019421874999999998 0.044734375
0 0.5745625000000001 0.032078125 0.01840625 0.046265625
0 0.59603125 0.030796875 0.020953125 0.04421875
0 0.619421875 0.029390624999999997 0.0201875 0.049578125
0 0.43257812500000004 0.01175 0.019171874999999998 0.023515625000000002
0 0.40409375000000003 0.011625 0.017374999999999998 0.023265625
0 0.38287499999999997 0.011625 0.01890625 0.023265625
0 0.154765625 0.029140624999999996 0.023765625000000002 0.0255625
0 0.1741875 0.025937500000000002 0.019171874999999998 0.02684375
0 0.19143749999999998 0.02415625 0.0199375 0.027859375
0 0.20984375000000002 0.023515625000000002 0.02146875 0.029140624999999996
0 0.228234375 0.02121875 0.0199375 0.026578125
0 0.24817187500000001 0.02146875 0.019421874999999998 0.029640624999999997
0 0.2659375 0.01840625 0.017640625 0.0260625
0 0.28446875 0.016875 0.02146875 0.029640624999999997
0 0.305046875 0.01571875 0.0196875 0.02684375
0 0.3229375 0.01546875 0.018140625 0.030921874999999998
0 0.342484375 0.013921875 0.02146875 0.027859375
0 0.362171875 0.012656249999999999 0.02146875 0.025296875000000003
0 0.45315625 0.01009375 0.015328125000000001 0.0201875
0 0.47104687500000003 0.010609375 0.01840625 0.02121875
0 0.49303125000000003 0.011375 0.017890625 0.02275
0 0.51309375 0.009578125 0.017640625 0.019171874999999998
0 0.533921875 0.006 0.0199375 0.00996875
0 0.557828125 0.00715625 0.01865625 0.01278125
0 0.57596875 0.005625 0.017640625 0.01125
0 0.59578125 0.004859375 0.0199375 0.00971875
0 0.616609375 0.003453125 0.017125 0.004859375
0 0.021640625 0.03553125 0.016718749999999998 0.021390625