0 0.8100625000000001 0.3986875 0.03284375 0.05625
0 0.059109375 0.724609375 0.051671875 0.098578125
0 0.0910625 0.61475 0.044437500000000005 0.07409375
0 0.790046875 0.2736875 0.026500000000000003 0.057374999999999995
0 0.173703125 0.727546875 0.038703125 0.096375
0 0.714359375 0.094671875 0.022468750000000003 0.038906249999999996
0 0.024734375 0.726078125 0.049453125 0.095703125
0 0.782234375 0.462890625 0.03253125 0.0753125
0 0.1405 0.7216875 0.045953125 0.0936875
0 0.8159218750000001 0.45971875000000006 0.033328125 0.07585937499999999
0 0.68896875 0.63184375 0.03284375 0.08178125
0 0.74071875 0.46264062499999997 0.032718750000000005 0.076296875
0 0.61328125 0.630375 0.031796875 0.072875
0 0.166625 0.404296875 0.03678125 0.05571875
0 0.536625 0.282234375 0.025796875000000004 0.05292187499999999
0 0.54540625 0.626953125 0.030625000000000003 0.07453125000000001
0 0.335453125 0.6225625 0.0388125 0.07171875
0 0.650390625 0.626953125 0.030796875 0.07976562499999999
0 0.818359375 0.019421874999999998 0.025171875 0.035609375
0 0.184328125 0.621578125 0.0403125 0.0703125
0 0.8852499999999999 0.637203125 0.045953125 0.082828125
0 0.523921875 0.106328125 0.022890625 0.04025
0 0.249640625 0.23975 0.030734375 0.048671874999999996
0 0.348390625 0.40528125 0.032046875 0.053593749999999996
0 0.378421875 0.3981875 0.031921875 0.064203125
0 0.30078125 0.623046875 0.038390625 0.07520312500000001
0 0.254390625 0.623046875 0.04015625 0.072265625
0 0.276859375 0.39746875 0.0314375 0.06525
0 0.507328125 0.624515625 0.032109375 0.08301562500000001
0 0.43920312499999997 0.62109375 0.033484375 0.082390625
0 0.589359375 0.276375 0.024234375 0.055203125
0 0.297609375 0.23914062500000002 0.029312500000000002 0.045953125
0 0.06231250000000001 0.61328125 0.04296875 0.08478125
0 0.35546875 0.044921875 0.022421875 0.040625
0 0.708015625 0.02271875 0.018984375 0.040828125
0 0.44506249999999997 0.953125 0.03365625 0.088984375
0 0.177609375 0.460453125 0.038234375 0.071046875
0 0.49048437500000003 0.45971875000000006 0.026921875 0.069640625
0 0.47240624999999997 0.623046875 0.031796875 0.080625
0 0.04025 0.46068749999999997 0.04178125 0.0701875
0 0.581546875 0.45996875 0.027734375 0.07146875
0 0.671875 0.22521874999999997 0.025328125 0.056765625
0 0.73340625 0.27465625 0.026000000000000002 0.060515624999999997
0 0.4560625 0.28246875 0.025171875 0.05571875
0 0.1171875 0.40064062500000003 0.03621875 0.060515624999999997
0 0.525875 0.392578125 0.027265624999999998 0.069515625
0 0.065984375 0.24975 0.034999999999999996 0.041078125
0 0.25025 0.40478125 0.035484375 0.060515624999999997
0 0.5185625 0.45996875 0.0288125 0.0731875
0 0.51171875 0.73584375 0.03234375 0.095515625
0 0.75390625 0.22717187499999997 0.025515624999999997 0.04821875
0 0.7109375 0.396234375 0.0288125 0.0730625
0 0.650390625 0.4555625 0.027265624999999998 0.073546875
0 0.3674375 0.46068749999999997 0.031984374999999995 0.07079687500000001
0 0.402828125 0.286625 0.027328124999999998 0.05865625
0 0.47240624999999997 0.142578125 0.022421875 0.048953125
0 0.67821875 0.396734375 0.026609375 0.06096875
0 0.09618750000000001 0.458984375 0.038171875 0.06915625
0 0.5390625 0.234375 0.023328124999999998 0.045875
0 0.025421875 0.293703125 0.037109375 0.053593749999999996
0 0.771484375 0.136359375 0.0241875 0.04803125
0 0.61865625 0.09771875 0.0200625 0.04578125
0 0.290765625 0.462890625 0.0365625 0.074640625
0 0.555671875 0.399421875 0.029078125 0.06384375
0 0.25146875 0.94921875 0.0505 0.089296875
0 0.8305624999999999 0.73975 0.043359375 0.10015624999999999
0 0.745609375 0.1326875 0.02253125 0.049046875000000004
0 0.853515625 0.46778125 0.035671875 0.067078125
0 0.4506875 0.14478125 0.023328124999999998 0.04978125
0 0.259765625 0.28759375 0.032234374999999996 0.059203125
0 0.702640625 0.274171875 0.024515625 0.0570625
0 0.646 0.3984375 0.0270625 0.057703125
0 0.498046875 0.95703125 0.036015625 0.082703125
0 0.321046875 0.23815624999999999 0.03228125 0.048578125
0 0.76075 0.2736875 0.02521875 0.056765625
0 0.70165625 0.9609375 0.04009375 0.0754375
0 0.26146875 0.46215624999999994 0.03634375 0.073859375
0 0.532234375 0.028015625 0.02215625 0.048578125
0 0.015515625 0.60840625 0.03103125 0.074640625
0 0.40503125000000006 0.622078125 0.035890624999999995 0.08154687499999999
0 0.49243750000000003 0.03409375 0.0206875 0.04453125
0 0.03753125 0.405765625 0.035546875 0.050812500000000003
0 0.22326562499999997 0.622078125 0.0390625 0.07520312500000001
0 0.48803124999999997 0.235109375 0.025421875 0.046109375
0 0.47021875 0.036625000000000005 0.02175 0.042171875
0 0.134890625 0.292484375 0.03775 0.053015625
0 0.28540625 0.018546874999999997 0.024281249999999997 0.03284375
0 0.108578125 0.130859375 0.029875000000000002 0.0376875
0 0.088984375 0.40307812500000006 0.03678125 0.055609375
0 0.41137499999999994 0.114984375 0.025468750000000002 0.042484375000000005
0 0.61571875 0.4585 0.02753125 0.069390625
0 0.015953125000000002 0.40528125 0.031921875 0.04921875
0 0.650875 0.9516562499999999 0.04046875 0.08990625
0 0.267328125 0.019375 0.022625 0.03390625
0 0.33959375 0.461921875 0.032046875 0.06915625
0 0.68115625 0.456546875 0.027796875 0.0704375
0 0.17809375 0.24206249999999999 0.031609375 0.04303125
0 0.040984375 0.25025 0.032953125 0.038906249999999996
0 0.72803125 0.021234375 0.019796875 0.041328125
0 0.156125 0.24328124999999998 0.030046875 0.045109375
0 0.54296875 0.9545937500000001 0.030734375 0.083859375
0 0.064390625 0.402828125 0.0390625 0.05440625
0 0.27075 0.114375 0.025671875 0.033390625
0 0.666015625 0.093328125 0.024890625 0.051171875
0 0.229734375 0.023953125 0.02434375 0.032718750000000005
0 0.4716875 0.743171875 0.03359375 0.086296875
0 0.151984375 0.156859375 0.029593750000000002 0.046390625000000005
0 0.14478125 0.057796875000000004 0.023953125 0.038906249999999996
0 0.1643125 0.120359375 0.031609375 0.04178125
0 0.038328125000000005 0.12445312500000001 0.036078125 0.030046875
0 0.12042187499999998 0.9321249999999999 0.050234375 0.0885
0 0.47973437499999994 0.110296875 0.02059375 0.035890624999999995
0 0.40234375 0.01609375 0.02284375 0.031796875
0 0.083125 0.046296875 0.033265625 0.029593750000000002
0 0.853515625 0.323484375 0.048765625 0.0468125
0 0.1638125 0.288578125 0.033328125 0.048765625
0 0.065859375 0.074890625 0.03228125 0.029484375
0 0.664546875 0.026359375 0.021046875 0.036625000000000005
0 0.0888125 0.163453125 0.0304375 0.04409375
0 0.73046875 0.729984375 0.03875 0.098578125
0 0.065 0.168703125 0.027328124999999998 0.037203125
0 0.249640625 0.114984375 0.020421875 0.038453125
0 0.301765625 0.149046875 0.02390625 0.04534375
0 0.49365625 0.01065625 0.020171875 0.0213125
0 0.297859375 0.047515625 0.021328125 0.031078125
0 0.2055625 0.120125 0.023859375 0.040531250000000005
0 0.107421875 0.009890625 0.038703125 0.01909375
0 0.229734375 0.115359375 0.021812500000000002 0.0365
0 0.2004375 0.053796875 0.02521875 0.037109375
0 0.5341875 0.010781250000000001 0.018984375 0.02096875
0 0.279046875 0.151125 0.025265625000000003 0.0454375
0 0.682625 0.007015625 0.01909375 0.014000000000000002
0 0.182125 0.056765625 0.02328125 0.035953125
0 0.21484375 0.15075 0.025328125 0.04553125
0 0.617671875 0.007781250000000001 0.017046875 0.015484375
0 0.1639375 0.058015625 0.021859375 0.034999999999999996
0 0.261234375 0.1484375 0.0268125 0.047609374999999995
0 0.47435937499999997 0.010703124999999999 0.019609375000000002 0.021406249999999998
0 0.095890625 0.031921875 0.028937499999999998 0.026453125
0 0.7475625 0.006984374999999999 0.018437500000000002 0.013734374999999998
0 0.23718750000000002 0.15003125 0.025718750000000002 0.046390625000000005
0 0.009015625 0.0624375 0.017046875 0.024046875000000002
0 0.661140625 0.006765625 0.0189375 0.01328125
0 0.918953125 0.794921875 0.0861875 0.064875
0 0.008125 0.193 0.01621875 0.030921874999999998
0 0.14453125 0.12493749999999999 0.022296875 0.042234375000000005
0 0.68653125 0.595703125 0.026968750000000003 0.028109375