0 0.33715625 0.46410937499999994 0.029203125000000003 0.0614375
0 0.18384375 0.23315625 0.02859375 0.046484375
0 0.664546875 0.094359375 0.021484375 0.04434375
0 0.09875 0.615234375 0.042234375000000005 0.069953125
0 0.0304375 0.6123125 0.04821875 0.0679375
0 0.410640625 0.40234375 0.03234375 0.06281250000000001
0 0.338375 0.119390625 0.0263125 0.03615625
0 0.777828125 0.22778125 0.027265624999999998 0.047328125
0 0.0209375 0.4086875 0.041890625 0.055937499999999994
0 0.04559375 0.292234375 0.028375 0.05184375
0 0.23229687499999999 0.46020312499999994 0.033484375 0.064390625
0 0.739265625 0.095515625 0.020796875 0.043125000000000004
0 0.20203125000000002 0.46314062500000003 0.034875 0.069390625
0 0.71728125 0.138546875 0.0199375 0.038453125
0 0.703609375 0.275390625 0.025124999999999998 0.052828125000000004
0 0.42748437499999997 0.46778125 0.0280625 0.06231250000000001
0 0.649421875 0.46728125 0.027375 0.0674375
0 0.44921875 0.04690625 0.022765625 0.03359375
0 0.469234375 0.041140625 0.019984375 0.04009375
0 0.2944375 0.11878124999999999 0.029593750000000002 0.041375
0 0.311765625 0.286375 0.028375 0.05632812499999999
0 0.378171875 0.28809375 0.027015624999999998 0.051265625
0 0.559578125 0.281984375 0.02784375 0.049953125
0 0.290765625 0.46314062500000003 0.03746875 0.07146875
0 0.524421875 0.39990625 0.03028125 0.059875
0 0.723140625 0.622078125 0.03253125 0.08496875000000001
0 0.74853125 0.46704687500000003 0.0288125 0.0730625
0 0.11164062500000001 0.128171875 0.025046875000000003 0.043703124999999995
0 0.47240624999999997 0.619625 0.03265625 0.08154687499999999
0 0.641109375 0.034546875 0.020374999999999997 0.033484375
0 0.30615625 0.020140625000000002 0.0199375 0.030375000000000003
0 0.8779375 0.630375 0.039796874999999995 0.082703125
0 0.50684375 0.28271875 0.025750000000000002 0.060765625000000004
0 0.43384375000000003 0.11181250000000001 0.02021875 0.04271875
0 0.45923437500000003 0.46240625 0.028437499999999998 0.070671875
0 0.211296875 0.122015625 0.029875000000000002 0.042484375000000005
0 0.41235937500000003 0.61475 0.03125 0.083859375
0 0.655765625 0.610359375 0.03284375 0.0888125
0 0.49121875 0.040375 0.02025 0.04015625
0 0.46459374999999997 0.396 0.026921875 0.06359375
0 0.8051718749999999 0.63184375 0.035890624999999995 0.093328125
0 0.11737500000000001 0.294921875 0.034765625 0.042875
0 0.19275 0.612796875 0.03746875 0.076296875
0 0.590828125 0.23181250000000003 0.025078125 0.050046875000000005
0 0.399421875 0.04840625 0.02434375 0.033015625
0 0.21154687499999997 0.296140625 0.034484375 0.047093750000000004
0 0.552734375 0.461421875 0.026203125 0.064265625
0 0.507328125 0.102484375 0.02328125 0.04271875
0 0.705078125 0.023234374999999998 0.020921875 0.04153125
0 0.228265625 0.23828125 0.030109375 0.049312499999999995
0 0.46068749999999997 0.23840625000000001 0.02521875 0.050046875000000005
0 0.1483125 0.46557812500000006 0.042078125 0.061765625000000005
0 0.355953125 0.053093749999999995 0.024421875000000003 0.033203125
0 0.12273437499999999 0.458984375 0.037390625 0.06804687499999999
0 0.04153125 0.46484375 0.038109375 0.05440625
0 0.017781250000000002 0.461921875 0.035546875 0.064265625
0 0.315921875 0.05071875 0.02434375 0.032234374999999996
0 0.173703125 0.40478125 0.04146875 0.052125
0 0.334234375 0.626953125 0.034999999999999996 0.07159375
0 0.9399374999999999 0.41309375 0.0365625 0.06231250000000001
0 0.381109375 0.11754687500000001 0.024140625 0.038171875
0 0.9184531249999999 0.80371875 0.075984375 0.059546875
0 0.349859375 0.240234375 0.02975 0.05865625
0 0.028437499999999998 0.722171875 0.055109375 0.09221875
0 0.48340625 0.281984375 0.026921875 0.0548125
0 0.146484375 0.064875 0.028375 0.03378125
0 0.147703125 0.12115625000000001 0.0268125 0.051359375
0 0.48607812499999997 0.23181250000000003 0.02284375 0.048125
0 0.06525 0.460453125 0.044765624999999996 0.065859375
0 0.16040625 0.033484375 0.029375000000000002 0.029703125000000004
0 0.04428125 0.255125 0.03259375 0.044859375
0 0.21496875000000001 0.159671875 0.028328125 0.034765625
0 0.692875 0.138546875 0.023109374999999998 0.035484375
0 0.092046875 0.167359375 0.034828125 0.04025
0 0.1745625 0.16028125 0.03234375 0.03396875
0 0.370609375 0.1539375 0.024 0.042078125
0 0.238640625 0.05728124999999999 0.024234375 0.031734374999999995
0 0.366703125 0.01609375 0.021625 0.031609375
0 0.0700625 0.293453125 0.03540625 0.052828125000000004
0 0.068421875 0.2473125 0.03359375 0.04559375
0 0.43432812500000006 0.016015625 0.022328124999999997 0.031375
0 0.32396875 0.018296875 0.01834375 0.034359375
0 0.4555625 0.01590625 0.019859375000000002 0.031015625
0 0.9047812499999999 0.73584375 0.06928125 0.05645312500000001
0 0.23145312499999998 0.024140625 0.021703125 0.03615625
0 0.932625 0.8715781249999999 0.073421875 0.058984375
0 0.557125 0.011421875 0.020921875 0.02253125
0 0.248296875 0.022375 0.024703125 0.03634375
0 0.053593749999999996 0.1043125 0.041078125 0.034999999999999996
0 0.01771875 0.182375 0.03515625 0.046109375
0 0.0678125 0.0755625 0.03803125 0.027640625000000002
0 0.093203125 0.037390625 0.034187499999999996 0.027328124999999998
0 0.1951875 0.031375 0.028937499999999998 0.031734374999999995
0 0.24059375 0.16015625 0.031984374999999995 0.03409375
0 0.019453124999999998 0.159796875 0.03753125 0.027796875
0 0.3435 0.01665625 0.023375 0.032234374999999996
0 0.619625 0.008953125000000001 0.01871875 0.017859375
0 0.009546875 0.213375 0.019078125 0.03284375
0 0.10559375 0.011921875 0.031015625 0.022890625
0 0.63965625 0.00878125 0.01890625 0.017046875
0 0.5415 0.951171875 0.0305625 0.091859375
0 0.9096718750000001 0.28784375 0.021234375 0.02109375