0 0.81640625 0.46068749999999997 0.030796875 0.07409375
0 0.727546875 0.625984375 0.033328125 0.079046875
0 0.25415625 0.621578125 0.038609375 0.0754375
0 0.728515625 0.7265625 0.03628125 0.0886875
0 0.163703125 0.2893125 0.032046875 0.05500000000000001
0 0.37134375 0.62109375 0.03634375 0.081234375
0 0.3981875 0.04525 0.0196875 0.040828125
0 0.197265625 0.40356249999999994 0.036625000000000005 0.0548125
0 0.4609375 0.23559375 0.024703125 0.0533125
0 0.984375 0.615234375 0.029984375 0.075984375
0 0.232671875 0.464359375 0.0376875 0.06009375
0 0.067203125 0.40356249999999994 0.034546875 0.054906250000000004
0 0.16565625 0.9360312499999999 0.046296875 0.082828125
0 0.741703125 0.3984375 0.027640625000000002 0.06371875
0 0.879890625 0.633796875 0.040375 0.08228125
0 0.76953125 0.632328125 0.03396875 0.083125
0 0.67821875 0.45824999999999994 0.02759375 0.060640625000000004
0 0.30321875 0.15478125 0.026609375 0.03753125
0 0.8081093750000001 0.396734375 0.031015625 0.0624375
0 0.666015625 0.1383125 0.022078125 0.04840625
0 0.10968750000000001 0.16296875 0.029875000000000002 0.044
0 0.80859375 0.633296875 0.034937499999999996 0.088015625
0 0.56103125 0.279546875 0.0235625 0.0546875
0 0.523921875 0.10614062500000002 0.019375 0.043515625
0 0.7841875 0.46118750000000003 0.0315625 0.072390625
0 0.757328125 0.2731875 0.024703125 0.059109375
0 0.301515625 0.72509375 0.037046875 0.076109375
0 0.7788125 0.73340625 0.04015625 0.082828125
0 0.690921875 0.626953125 0.032890625 0.08478125
0 0.305421875 0.619140625 0.0390625 0.07965625
0 0.712890625 0.460453125 0.029484375 0.07134375
0 0.40454687500000003 0.62353125 0.033390625 0.074640625
0 0.70165625 0.2736875 0.022890625 0.056765625
0 0.190921875 0.619625 0.0388125 0.078796875
0 0.286859375 0.28809375 0.028765625 0.054203125
0 0.78759375 0.2731875 0.0255625 0.059546875
0 0.10284374999999998 0.72803125 0.0468125 0.083734375
0 0.1431875 0.40503125000000006 0.036625000000000005 0.04940625
0 0.64746875 0.45824999999999994 0.025468750000000002 0.0674375
0 0.143921875 0.722171875 0.0468125 0.09009375
0 0.616703125 0.28028125 0.022671875 0.051671875
0 0.42943749999999997 0.285890625 0.02346875 0.051000000000000004
0 0.1325625 0.15990625 0.029421874999999997 0.044859375
0 0.480953125 0.284671875 0.025953125 0.05890625000000001
0 0.551765625 0.036078125 0.019421874999999998 0.04146875
0 0.599125 0.7295 0.033140625 0.091546875
0 0.253421875 0.9370156250000001 0.04146875 0.0886875
0 0.10992187499999999 0.52490625 0.03359375 0.0674375
0 0.593265625 0.10357812500000001 0.018515625 0.0378125
0 0.474609375 0.62403125 0.028937499999999998 0.076296875
0 0.0703125 0.293453125 0.033328125 0.050812500000000003
0 0.14990625 0.462890625 0.035546875 0.06903125
0 0.026921875 0.72265625 0.051359375 0.091546875
0 0.588875 0.2319375 0.02225 0.046718749999999996
0 0.017203125 0.46118750000000003 0.03440625 0.06371875
0 0.11395312500000002 0.9311562500000001 0.038390625 0.08740624999999999
0 0.40356249999999994 0.286140625 0.025374999999999998 0.053984374999999994
0 0.578125 0.621578125 0.02590625 0.0856875
0 0.2055625 0.46020312499999994 0.03634375 0.06359375
0 0.26075 0.297359375 0.027328124999999998 0.0483125
0 0.06384375 0.61084375 0.04409375 0.07921875
0 0.33203125 0.0548125 0.020499999999999997 0.03378125
0 0.210453125 0.125484375 0.026609375 0.032718750000000005
0 0.61328125 0.45776562500000006 0.0238125 0.0679375
0 0.61571875 0.394046875 0.023375 0.0614375
0 0.295171875 0.048765625 0.023078124999999998 0.0378125
0 0.2210625 0.617671875 0.0391875 0.082703125
0 0.312984375 0.119390625 0.024656249999999998 0.03628125
0 0.18078125 0.058140625 0.025421875 0.0403125
0 0.43432812500000006 0.620125 0.036015625 0.0834375
0 0.40454687500000003 0.1538125 0.024421875000000003 0.043609375
0 0.807625 0.220453125 0.027171875 0.04821875
0 0.237546875 0.053796875 0.02328125 0.0388125
0 0.238765625 0.154421875 0.02784375 0.044859375
0 0.26075 0.727546875 0.04459375 0.09740625
0 0.37646875 0.286375 0.027640625000000002 0.056859375000000004
0 0.29321875 0.46020312499999994 0.033140625 0.0674375
0 0.5444375 0.6225625 0.027109375 0.081671875
0 0.384765625 0.23742187499999998 0.0280625 0.043515625
0 0.818359375 0.269046875 0.031203124999999998 0.069390625
0 0.44556250000000003 0.951171875 0.031859375 0.086
0 0.45873437499999997 0.45971875000000006 0.029484375 0.06982812499999999
0 0.095703125 0.400390625 0.0391875 0.06029687500000001
0 0.509765625 0.617671875 0.0263125 0.083625
0 0.524421875 0.40259375000000003 0.025421875 0.05603125
0 0.126953125 0.613765625 0.0419375 0.081359375
0 0.015390625 0.602046875 0.03078125 0.07421875
0 0.49121875 0.39721875 0.025328125 0.061984375
0 0.035671875 0.61328125 0.039703125 0.065859375
0 0.29809375 0.24071875 0.028328125 0.0419375
0 0.253171875 0.40404687499999997 0.033390625 0.057499999999999996
0 0.473140625 0.151734375 0.021203125 0.0479375
0 0.54540625 0.9536093749999999 0.030109375 0.0856875
0 0.616703125 0.620125 0.030921874999999998 0.09790625
0 0.586421875 0.392328125 0.0245625 0.0625625
0 0.411140625 0.115359375 0.021703125 0.03384375
0 0.349609375 0.237921875 0.029031249999999998 0.047703125
0 0.307859375 0.40160937499999994 0.029375000000000002 0.056546874999999996
0 0.36353125 0.0171875 0.02059375 0.031609375
0 0.754390625 0.94825 0.032234374999999996 0.09515625
0 0.21106250000000001 0.922859375 0.049046875000000004 0.10175000000000001
0 0.490234375 0.46167187500000006 0.026921875 0.063234375
0 0.33959375 0.284671875 0.030109375 0.05696875
0 0.434078125 0.014937500000000001 0.021578125 0.029859375
0 0.17834375 0.4609375 0.037328125000000004 0.057703125
0 0.58203125 0.45971875000000006 0.02475 0.063046875
0 0.351078125 0.40698437500000006 0.03028125 0.05371875
0 0.942390625 0.44701562499999997 0.051671875 0.058562499999999997
0 0.551265625 0.458015625 0.024609375 0.068171875
0 0.093875 0.4663125 0.042812499999999996 0.061890625
0 0.521484375 0.45923437500000003 0.025671875 0.071046875
0 0.3984375 0.46215624999999994 0.029546875 0.069515625
0 0.041375 0.40404687499999997 0.038234375 0.050046875000000005
0 0.07134375 0.24743750000000003 0.039546874999999995 0.05696875
0 0.430171875 0.46020312499999994 0.028546875 0.0700625
0 0.340828125 0.46264062499999997 0.032468750000000005 0.059421875
0 0.20165625 0.056640625 0.02253125 0.037390625
0 0.093015625 0.61328125 0.043703124999999995 0.0701875
0 0.039546874999999995 0.45946875 0.038390625 0.06646875
0 0.262703125 0.46215624999999994 0.038328125000000005 0.07134375
0 0.4795 0.10723437499999999 0.022765625 0.045015625
0 0.368171875 0.4609375 0.030375000000000003 0.066953125
0 0.106328125 0.129265625 0.030109375 0.026703125
0 0.701171875 0.95996875 0.029140624999999996 0.07653125
0 0.49974999999999997 0.955078125 0.034546875 0.08301562500000001
0 0.380609375 0.3986875 0.026703125 0.05571875
0 0.5546875 0.397703125 0.025468750000000002 0.057499999999999996
0 0.409671875 0.387203125 0.026109375 0.064265625
0 0.06671875000000001 0.461421875 0.03753125 0.06384375
0 0.009156250000000001 0.1954375 0.018125 0.030796875
0 0.278078125 0.40356249999999994 0.03371875 0.054203125
0 0.9008749999999999 0.737796875 0.07409375 0.05450000000000001
0 0.249265625 0.119390625 0.027109375 0.034875
0 0.1431875 0.064875 0.024703125 0.033265625
0 0.9106406249999999 0.787109375 0.0675625 0.053984374999999994
0 0.9184531249999999 0.8383749999999999 0.07434375 0.064265625
0 0.21276562499999999 0.027015624999999998 0.025124999999999998 0.02975
0 0.4350625 0.39965625 0.028765625 0.051765625
0 0.70165625 0.006687500000000001 0.01590625 0.013218750000000001
0 0.060640625000000004 0.091734375 0.035734375 0.029140624999999996
0 0.017515625 0.041078125 0.03409375 0.031375
0 0.156859375 0.033015625 0.026453125 0.030625000000000003
0 0.08465625 0.04978125 0.032046875 0.025515624999999997
0 0.030953124999999998 0.13903125 0.037328125000000004 0.031375
0 0.100703125 0.022984375 0.033203125 0.024703125
0 0.30590625 0.016765625 0.018609375 0.03353125
0 0.268796875 0.022421875 0.022078125 0.030046875
0 0.11084374999999999 0.01040625 0.034187499999999996 0.02021875
0 0.176140625 0.031921875 0.025750000000000002 0.033140625
0 0.051453125 0.10840625 0.03253125 0.027734375
0 0.286140625 0.019984375 0.023078124999999998 0.029921874999999997
0 0.045953125 0.12598437499999998 0.033140625 0.0298125
0 0.011953125 0.06867187500000001 0.023890625 0.0376875
0 0.0088125 0.70996875 0.017625 0.06982812499999999
0 0.00834375 0.39746875 0.016468749999999997 0.050328125
0 0.1953125 0.028437499999999998 0.021812500000000002 0.029249999999999998