0 0.8090781249999999 0.39696875 0.031734374999999995 0.051937500000000004
0 0.06109375 0.724125 0.05071875 0.098453125
0 0.260015625 0.7295 0.044921875 0.09790625
0 0.17481249999999998 0.726078125 0.040625 0.098078125
0 0.712890625 0.09618750000000001 0.0225 0.03896875
0 0.025421875 0.724609375 0.05014062500000001 0.095703125
0 0.091546875 0.613765625 0.044437500000000005 0.07184375
0 0.688484375 0.63184375 0.032046875 0.080203125
0 0.781734375 0.464359375 0.031734374999999995 0.07396875
0 0.789546875 0.274171875 0.026765624999999998 0.05728124999999999
0 0.61328125 0.629890625 0.029546875 0.071046875
0 0.14171875 0.7216875 0.04578125 0.094
0 0.814453125 0.458984375 0.03259375 0.075015625
0 0.3361875 0.6225625 0.039421875 0.07134375
0 0.739265625 0.46215624999999994 0.032234374999999996 0.075984375
0 0.301765625 0.6225625 0.0390625 0.07409375
0 0.1693125 0.404296875 0.0365 0.0548125
0 0.129265625 0.61571875 0.040531250000000005 0.068546875
0 0.817390625 0.0205625 0.024390625 0.035546875
0 0.25634375 0.6225625 0.038609375 0.0705625
0 0.536140625 0.28246875 0.026109375 0.053984374999999994
0 0.18457812499999998 0.621578125 0.039484375 0.06903125
0 0.349359375 0.40551562499999994 0.03234375 0.05340625
0 0.25025 0.24109375000000002 0.03240625 0.047093750000000004
0 0.5444375 0.626953125 0.029140624999999996 0.07134375
0 0.8828125 0.63575 0.044437500000000005 0.08228125
0 0.300046875 0.7295 0.039421875 0.078921875
0 0.37915625 0.3981875 0.031078125 0.063234375
0 0.649421875 0.625984375 0.03028125 0.07860937500000001
0 0.298578125 0.23975 0.029640624999999997 0.046015625
0 0.063359375 0.6123125 0.04409375 0.08434375
0 0.27709375 0.3981875 0.0315 0.064203125
0 0.597171875 0.731453125 0.03403125 0.092828125
0 0.5180625 0.4585 0.029421874999999997 0.074640625
0 0.040828125 0.46118750000000003 0.04321875 0.07159375
0 0.523921875 0.107421875 0.021812500000000002 0.039703125
0 0.708015625 0.025374999999999998 0.019234375 0.039421875
0 0.562015625 0.281734375 0.023109374999999998 0.05109375000000001
0 0.444828125 0.9516562499999999 0.031796875 0.08728125
0 0.5805625 0.460453125 0.0280625 0.071234375
0 0.066828125 0.25121875 0.034765625 0.04146875
0 0.8276406250000001 0.7368125 0.042078125 0.099484375
0 0.671390625 0.226921875 0.024656249999999998 0.05645312500000001
0 0.507328125 0.62353125 0.031671875 0.08209375
0 0.588875 0.27734375 0.023234374999999998 0.055203125
0 0.43896875 0.621578125 0.033203125 0.08196875
0 0.732421875 0.275390625 0.024515625 0.05996875
0 0.490234375 0.45971875000000006 0.026703125 0.06867187500000001
0 0.11737500000000001 0.400875 0.037390625 0.059750000000000004
0 0.097046875 0.45946875 0.0391875 0.0700625
0 0.2526875 0.9477499999999999 0.049312499999999995 0.085078125
0 0.753421875 0.22765624999999998 0.025078125 0.047328125
0 0.178828125 0.45996875 0.037046875 0.070671875
0 0.47192187499999994 0.62353125 0.031609375 0.080625
0 0.2605 0.289546875 0.032890625 0.058140625
0 0.538578125 0.23523437500000002 0.023609375 0.04525
0 0.51075 0.733890625 0.031734374999999995 0.0936875
0 0.67821875 0.397953125 0.026109375 0.061890625
0 0.710453125 0.396484375 0.02865625 0.072875
0 0.35546875 0.0456875 0.020921875 0.041140625
0 0.403328125 0.287109375 0.027640625000000002 0.059109375
0 0.45532812500000003 0.283203125 0.025796875000000004 0.055421874999999995
0 0.618171875 0.099671875 0.02034375 0.044765624999999996
0 0.70165625 0.27490625 0.023765625000000002 0.057374999999999995
0 0.250734375 0.4038125 0.034875 0.0571875
0 0.770015625 0.137078125 0.024281249999999997 0.047703125
0 0.648921875 0.455078125 0.026359375 0.0731875
0 0.367671875 0.46118750000000003 0.03228125 0.07134375
0 0.6435625 0.276125 0.022890625 0.05625
0 0.70215625 0.9604531250000001 0.0365625 0.074890625
0 0.8520468749999999 0.46849999999999997 0.035484375 0.0675625
0 0.579109375 0.62403125 0.029484375 0.07575
0 0.02615625 0.294671875 0.03634375 0.05340625
0 0.645015625 0.3986875 0.026109375 0.05759375
0 0.525875 0.392828125 0.02590625 0.069390625
0 0.76025 0.27490625 0.024890625 0.055937499999999994
0 0.744625 0.13390625 0.022203125 0.04821875
0 0.292 0.463875 0.03615625 0.07396875
0 0.650875 0.9516562499999999 0.040921875 0.093015625
0 0.262203125 0.46167187500000006 0.036984375 0.073296875
0 0.555171875 0.3986875 0.028328125 0.0625625
0 0.40478125 0.621578125 0.03528125 0.08196875
0 0.473140625 0.143671875 0.021406249999999998 0.0479375
0 0.135984375 0.29271875 0.03746875 0.05340625
0 0.22374999999999998 0.62109375 0.038546875 0.074890625
0 0.089109375 0.40404687499999997 0.03790625 0.055515625
0 0.322015625 0.2395 0.0315625 0.047234375
0 0.542484375 0.954109375 0.030625000000000003 0.08465625
0 0.01615625 0.60840625 0.031734374999999995 0.072390625
0 0.0388125 0.405765625 0.03615625 0.050812500000000003
0 0.45142187500000003 0.146 0.022421875 0.048671874999999996
0 0.411625 0.11615625 0.025046875000000003 0.042812499999999996
0 0.78125 0.73828125 0.043125000000000004 0.09668750000000001
0 0.37621875 0.04459375 0.021453125 0.042078125
0 0.48828125 0.23596875 0.025 0.0454375
0 0.157109375 0.24401562499999999 0.030156250000000002 0.04534375
0 0.53271875 0.02759375 0.021578125 0.051171875
0 0.016234375000000002 0.405765625 0.032453125 0.04921875
0 0.727046875 0.021859375 0.019421874999999998 0.042328125
0 0.615234375 0.45824999999999994 0.026609375 0.068546875
0 0.04184375 0.251703125 0.03228125 0.039546874999999995
0 0.267578125 0.021453125 0.022468750000000003 0.031734374999999995
0 0.665046875 0.094671875 0.024390625 0.051765625
0 0.680671875 0.456546875 0.026546874999999998 0.069515625
0 0.47021875 0.03796875 0.02071875 0.041375
0 0.23278125 0.46068749999999997 0.03278125 0.069953125
0 0.109125 0.13146875 0.029703125000000004 0.036984375
0 0.065125 0.403328125 0.038234375 0.05340625
0 0.286375 0.020015625000000002 0.023515625000000002 0.032109375
0 0.1795625 0.24328124999999998 0.030671874999999998 0.042390625
0 0.1955625 0.023765625000000002 0.024890625 0.036625000000000005
0 0.340578125 0.461421875 0.032468750000000005 0.06890625
0 0.4711875 0.7421875 0.03259375 0.086296875
0 0.496578125 0.9560625 0.03515625 0.082828125
0 0.152828125 0.158328125 0.029640624999999997 0.045875
0 0.7295 0.728515625 0.038171875 0.09618750000000001
0 0.125125 0.9301718749999999 0.053796875 0.091375
0 0.23034374999999999 0.025078125 0.023859375 0.032953125
0 0.402828125 0.01665625 0.022109375 0.033265625
0 0.271 0.11395312500000002 0.025078125 0.031609375
0 0.47973437499999994 0.11126562499999999 0.020015625000000002 0.0350625
0 0.167359375 0.12096875 0.028437499999999998 0.042171875
0 0.089296875 0.163453125 0.0304375 0.044921875
0 0.664546875 0.027265624999999998 0.019984375 0.03746875
0 0.681640625 0.0078125 0.018687500000000003 0.015609375
0 0.148796875 0.125125 0.024609375 0.04296875
0 0.08434375 0.047234375 0.03284375 0.030375000000000003
0 0.146359375 0.06021875 0.023609375 0.0378125
0 0.2058125 0.12115625000000001 0.0231875 0.040765625
0 0.06621875 0.170046875 0.02615625 0.036890624999999996
0 0.164796875 0.2890625 0.03384375 0.04803125
0 0.301765625 0.14990625 0.023078124999999998 0.046546875
0 0.616703125 0.008546874999999999 0.017046875 0.017093749999999998
0 0.066953125 0.07520312500000001 0.031671875 0.03028125
0 0.9174843750000001 0.7944375 0.08496875000000001 0.06396874999999999
0 0.49243750000000003 0.038328125000000005 0.02009375 0.03875
0 0.747078125 0.007609375 0.019125 0.015187500000000001
0 0.250734375 0.11596875 0.019984375 0.038328125000000005
0 0.163453125 0.05996875 0.021703125 0.034359375
0 0.63915625 0.00871875 0.018578125 0.017296875
0 0.28003125 0.151859375 0.026000000000000002 0.04553125
0 0.182859375 0.056640625 0.023375 0.034296875
0 0.23021875 0.11840625 0.02153125 0.038390625
0 0.298578125 0.049312499999999995 0.02096875 0.030375000000000003
0 0.10723437499999999 0.010171875 0.03378125 0.019640625000000002
0 0.039281250000000004 0.12475 0.035890624999999995 0.0304375
0 0.494625 0.01209375 0.0195625 0.023953125
0 0.47435937499999997 0.01215625 0.0195 0.0243125
0 0.0965625 0.03284375 0.0288125 0.027218750000000003
0 0.009640625 0.065609375 0.018875 0.028546875
0 0.216546875 0.150640625 0.025515624999999997 0.046625
0 0.237921875 0.15075 0.026265624999999997 0.04690625
0 0.26146875 0.150140625 0.027796875 0.04715625
0 0.0081875 0.193609375 0.01621875 0.03125
0 0.661140625 0.0073437500000000005 0.018578125 0.014328125
0 0.707515625 0.0100625 0.016718749999999998 0.01890625
0 0.775390625 0.708984375 0.031078125 0.04009375
0 0.8764687500000001 0.6069375 0.027218750000000003 0.027734375
0 0.99609375 0.6640625 0.007796875 0.044187500000000005