0 0.098078125 0.61475 0.041328125 0.0701875
0 0.40845312500000003 0.40160937499999994 0.02865625 0.0626875
0 0.182734375 0.23351562499999998 0.026500000000000003 0.046546875
0 0.336421875 0.463875 0.02828125 0.060421875
0 0.664546875 0.094359375 0.02178125 0.043609375
0 0.020109375 0.40893750000000006 0.040203125 0.054906250000000004
0 0.337640625 0.11962500000000001 0.0245625 0.035671875
0 0.029984375 0.61084375 0.048765625 0.06878125
0 0.11101562499999999 0.12793749999999998 0.026359375 0.043359375
0 0.777828125 0.22778125 0.027437499999999997 0.047796875
0 0.46459374999999997 0.396234375 0.0255625 0.06359375
0 0.50634375 0.281734375 0.0238125 0.059328124999999995
0 0.739265625 0.09534375 0.020640625000000003 0.042171875
0 0.42821875 0.4663125 0.027375 0.059750000000000004
0 0.20946875 0.121703125 0.02759375 0.04153125
0 0.310546875 0.288328125 0.026765624999999998 0.0546875
0 0.44848437499999994 0.047875 0.021625 0.033015625
0 0.20178124999999997 0.461921875 0.033390625 0.0676875
0 0.559078125 0.28271875 0.025515624999999997 0.049859375
0 0.29271875 0.11968749999999999 0.026265624999999997 0.041328125
0 0.716796875 0.138421875 0.020890625 0.038171875
0 0.45923437500000003 0.23718750000000002 0.023109374999999998 0.04978125
0 0.0625625 0.611328125 0.043453124999999995 0.067328125
0 0.522953125 0.39965625 0.02665625 0.057921875
0 0.30615625 0.020296875 0.01990625 0.0305625
0 0.19128125 0.612796875 0.0376875 0.07520312500000001
0 0.649421875 0.46704687500000003 0.028015625 0.066953125
0 0.262203125 0.465328125 0.032468750000000005 0.057921875
0 0.7211875 0.6015625 0.033140625 0.08178125
0 0.23107812499999997 0.45996875 0.031609375 0.06348437500000001
0 0.3986875 0.04803125 0.021812500000000002 0.032109375
0 0.21081249999999999 0.297125 0.033265625 0.04840625
0 0.11676562500000001 0.294921875 0.03359375 0.04296875
0 0.157109375 0.620609375 0.04146875 0.073859375
0 0.65528125 0.609375 0.031375 0.089109375
0 0.8779375 0.630859375 0.039953125 0.08196875
0 0.46849999999999997 0.04184375 0.019421874999999998 0.039421875
0 0.55225 0.46020312499999994 0.02484375 0.06409375
0 0.434078125 0.11279687499999999 0.021812500000000002 0.043453124999999995
0 0.017359375 0.46167187500000006 0.034734375 0.06348437500000001
0 0.35546875 0.053500000000000006 0.023328124999999998 0.0314375
0 0.41235937500000003 0.61475 0.030671874999999998 0.083625
0 0.641109375 0.034999999999999996 0.01990625 0.031859375
0 0.8046875 0.6328125 0.03409375 0.093328125
0 0.588875 0.23278125 0.02253125 0.048125
0 0.0419375 0.46557812500000006 0.037328125000000004 0.05371875
0 0.315671875 0.05090625 0.023609375 0.031796875
0 0.939453125 0.41284375000000006 0.03634375 0.06231250000000001
0 0.918953125 0.8046875 0.076109375 0.05996875
0 0.334234375 0.626953125 0.03521875 0.07195312499999999
0 0.148796875 0.46557812500000006 0.04459375 0.06118749999999999
0 0.379390625 0.11737500000000001 0.021406249999999998 0.034234375
0 0.50684375 0.10265625 0.022796875 0.04271875
0 0.024609375 0.72265625 0.047421875 0.090265625
0 0.146 0.064875 0.026359375 0.033140625
0 0.16040625 0.03365625 0.028875 0.029546875
0 0.70459375 0.02409375 0.020296875 0.039796874999999995
0 0.0701875 0.29321875 0.03365625 0.051765625
0 0.14696875 0.12084375 0.025859375 0.050812500000000003
0 0.48706250000000006 0.23315625 0.0225 0.049046875000000004
0 0.12403125 0.458984375 0.040375 0.0674375
0 0.237796875 0.057499999999999996 0.022578124999999998 0.0315
0 0.04434375 0.2529375 0.03265625 0.041328125
0 0.349359375 0.238765625 0.0280625 0.056640625
0 0.4819375 0.281734375 0.024046875000000002 0.056640625
0 0.065375 0.45971875000000006 0.0454375 0.06476562500000001
0 0.3669375 0.01571875 0.020890625 0.031375
0 0.0676875 0.24817187500000001 0.03353125 0.0485
0 0.45459375 0.016015625 0.016921875 0.030796875
0 0.43384375000000003 0.015953125000000002 0.021859375 0.031203124999999998
0 0.32325 0.018687500000000003 0.017296875 0.03528125
0 0.556640625 0.011375 0.020296875 0.022765625
0 0.230953125 0.023609375 0.0195625 0.0364375
0 0.370609375 0.154296875 0.023515625000000002 0.04153125
0 0.9047812499999999 0.734859375 0.06928125 0.0546875
0 0.247796875 0.023078124999999998 0.024609375 0.03515625
0 0.9340781249999999 0.87109375 0.071234375 0.05728124999999999
0 0.09234375 0.038328125000000005 0.03378125 0.025468750000000002
0 0.344 0.016468749999999997 0.0238125 0.03284375
0 0.542 0.951171875 0.030328125 0.091859375
0 0.065375 0.086 0.041078125 0.043953124999999996
0 0.01628125 0.180296875 0.031671875 0.0364375
0 0.619625 0.009046875 0.01834375 0.01809375
0 0.193484375 0.031609375 0.025078125 0.030109375
0 0.019421874999999998 0.159421875 0.035953125 0.023078124999999998
0 0.11315625 0.0116875 0.042390625 0.02284375
0 0.9091875 0.285890625 0.022109375 0.025468750000000002
0 0.640140625 0.008749999999999999 0.0190625 0.016921875
0 0.210578125 0.029375000000000002 0.025265625000000003 0.0313125
0 0.025328125 0.038703125 0.027328124999999998 0.031078125
0 0.008 0.21301562500000001 0.01590625 0.03353125