0 0.40259375000000003 0.618171875 0.03253125 0.0834375
0 0.3725625 0.61328125 0.033140625 0.07696875
0 0.367921875 0.45703125 0.032890625 0.06804687499999999
0 0.25415625 0.620609375 0.0388125 0.075015625
0 0.3361875 0.618171875 0.034296875 0.074765625
0 0.21081249999999999 0.12140625000000001 0.027265624999999998 0.042578125
0 0.300046875 0.620125 0.03521875 0.07421875
0 0.1536875 0.159421875 0.02790625 0.04303125
0 0.54590625 0.141109375 0.021124999999999998 0.047093750000000004
0 0.141234375 0.288578125 0.03384375 0.05500000000000001
0 0.161625 0.060515624999999997 0.026109375 0.03634375
0 0.23815624999999999 0.28784375 0.030734375 0.0533125
0 0.44825 0.043125000000000004 0.019859375000000002 0.037046875
0 0.22131249999999997 0.619625 0.03796875 0.074640625
0 0.355953125 0.046390625000000005 0.021015625 0.040375
0 0.525875 0.10760937500000001 0.020640625000000003 0.041234375000000004
0 0.189578125 0.618171875 0.0378125 0.0754375
0 0.75928125 0.275140625 0.024890625 0.057921875
0 0.09484375 0.1639375 0.031921875 0.04453125
0 0.187625 0.2890625 0.029031249999999998 0.054593749999999996
0 0.531734375 0.03528125 0.020015625000000002 0.04153125
0 0.745609375 0.46240625 0.029375000000000002 0.073546875
0 0.25025 0.120125 0.025265625000000003 0.036828125
0 0.27759375 0.050046875000000005 0.020890625 0.036015625
0 0.29321875 0.117984375 0.025671875 0.036078125
0 0.294671875 0.45873437499999997 0.034296875 0.065859375
0 0.3361875 0.04553125 0.0231875 0.041078125
0 0.581546875 0.45996875 0.027015624999999998 0.0704375
0 0.17725 0.45946875 0.038390625 0.07171875
0 0.48071875000000003 0.11101562499999999 0.01953125 0.039546874999999995
0 0.63965625 0.029546875 0.019609375000000002 0.041140625
0 0.67040625 0.226078125 0.025374999999999998 0.057703125
0 0.413578125 0.11676562500000001 0.022625 0.03796875
0 0.59521875 0.031859375 0.020515625000000003 0.041078125
0 0.09221875 0.292484375 0.034484375 0.052031249999999994
0 0.2058125 0.46264062499999997 0.038453125 0.07184375
0 0.456546875 0.46020312499999994 0.030859375 0.073671875
0 0.43920312499999997 0.621578125 0.033015625 0.0856875
0 0.6123125 0.621578125 0.029484375 0.077390625
0 0.338625 0.46020312499999994 0.030796875 0.06621875
0 0.382078125 0.398921875 0.028437499999999998 0.05996875
0 0.615234375 0.39990625 0.02590625 0.056765625
0 0.2629375 0.46362500000000006 0.034828125 0.057921875
0 0.1481875 0.126953125 0.028765625 0.038546875
0 0.700203125 0.27465625 0.023765625000000002 0.057796875000000004
0 0.12262500000000001 0.615234375 0.040625 0.0809375
0 0.323 0.23937499999999998 0.026265624999999997 0.047796875
0 0.1691875 0.40478125 0.03390625 0.0531875
0 0.47973437499999994 0.289546875 0.025 0.04921875
0 0.46557812500000006 0.396734375 0.02753125 0.05603125
0 0.616703125 0.279296875 0.022984375 0.06009375
0 0.29540625 0.048953125 0.020640625000000003 0.03515625
0 0.03615625 0.608890625 0.04409375 0.07146875
0 0.474125 0.014171875 0.017906250000000002 0.028218749999999997
0 0.542484375 0.625 0.0304375 0.078921875
0 0.306890625 0.01771875 0.02165625 0.029249999999999998
0 0.1330625 0.246578125 0.030671874999999998 0.04184375
0 0.219 0.0531875 0.022984375 0.035609375
0 0.1590625 0.24340625 0.030375000000000003 0.04553125
0 0.0676875 0.60840625 0.0456875 0.085578125
0 0.34375 0.01584375 0.0225 0.029546875
0 0.1953125 0.400875 0.035734375 0.05225
0 0.354984375 0.1169375 0.022984375 0.03621875
0 0.7890625 0.27221875 0.02665625 0.06109375
0 0.7109375 0.45996875 0.027265624999999998 0.070921875
0 0.6484375 0.45873437499999997 0.025515624999999997 0.06867187500000001
0 0.51415625 0.012125 0.0174375 0.02425
0 0.43871874999999994 0.01290625 0.0196875 0.025828125
0 0.26075 0.72803125 0.04434375 0.0989375
0 0.703609375 0.024890625 0.018796874999999998 0.040375
0 0.853515625 0.46753125000000006 0.036015625 0.06621875
0 0.8779375 0.63671875 0.042578125 0.082390625
0 0.18225 0.056546874999999996 0.02365625 0.037593749999999995
0 0.777828125 0.2268125 0.026500000000000003 0.045953125
0 0.24975 0.24096875 0.028968749999999998 0.043609375
0 0.211421875 0.9223593749999999 0.046546875 0.098578125
0 0.25146875 0.9331093750000001 0.043703124999999995 0.092046875
0 0.818359375 0.462890625 0.034234375 0.06409375
0 0.03028125 0.7216875 0.048953125 0.0935
0 0.955078125 0.46484375 0.0388125 0.06281250000000001
0 0.013484375000000002 0.608890625 0.026921875 0.068171875
0 0.044671875 0.251953125 0.034703125 0.040984375
0 0.016593749999999997 0.171875 0.031375 0.036890624999999996
0 0.0779375 0.061765625000000005 0.033484375 0.028937499999999998
0 0.09771875 0.026359375 0.0406875 0.040765625
0 0.398921875 0.9516562499999999 0.038609375 0.084046875
0 0.554203125 0.010984375000000001 0.01634375 0.021968750000000002
0 0.1665 0.9350625000000001 0.0468125 0.082703125
0 0.9389687500000001 0.401375 0.03528125 0.054203125
0 0.49926562499999994 0.9536093749999999 0.035671875 0.08196875
0 0.8359375 0.6328125 0.038906249999999996 0.090390625
0 0.542 0.95215625 0.03028125 0.0856875
0 0.120234375 0.9272500000000001 0.043703124999999995 0.08959375
0 0.0485 0.1095 0.034765625 0.028937499999999998
0 0.009125 0.194828125 0.017859375 0.031984374999999995
0 0.72803125 0.724609375 0.034421875000000005 0.092046875
0 0.11101562499999999 0.010234375 0.027218750000000003 0.020453125
0 0.9008749999999999 0.733890625 0.06867187500000001 0.05759375
0 0.007078125 0.40064062500000003 0.01415625 0.044921875
0 0.9125937499999999 0.790046875 0.0754375 0.06221875
0 0.9223593749999999 0.8545 0.066953125 0.059328124999999995
0 0.95996875 0.9560625 0.06396874999999999 0.082703125