0 0.3674375 0.458984375 0.03253125 0.06903125
0 0.47290625000000003 0.622078125 0.03228125 0.07781249999999999
0 0.235109375 0.466796875 0.040828125 0.06281250000000001
0 0.37134375 0.6118125 0.03628125 0.073546875
0 0.49071875 0.463875 0.028875 0.06878125
0 0.613765625 0.62403125 0.03378125 0.078796875
0 0.55225 0.45873437499999997 0.028218749999999997 0.068421875
0 0.40478125 0.617671875 0.035734375 0.08251562500000001
0 0.149296875 0.45873437499999997 0.037109375 0.062921875
0 0.61621875 0.460453125 0.0268125 0.071234375
0 0.7475625 0.462890625 0.03284375 0.07396875
0 0.093875 0.292 0.036890624999999996 0.050421875000000005
0 0.149296875 0.616703125 0.04153125 0.076421875
0 0.12445312500000001 0.45946875 0.037593749999999995 0.06153125
0 0.353765625 0.396484375 0.035609375 0.064875
0 0.097046875 0.46068749999999997 0.040765625 0.06029687500000001
0 0.43090624999999994 0.46484375 0.036890624999999996 0.07421875
0 0.588875 0.279046875 0.026500000000000003 0.055609375
0 0.732421875 0.274171875 0.0270625 0.061890625
0 0.76025 0.275390625 0.025796875000000004 0.059328124999999995
0 0.783203125 0.46264062499999997 0.03359375 0.074765625
0 0.312015625 0.402828125 0.03628125 0.05865625
0 0.54296875 0.628421875 0.030859375 0.07665625000000001
0 0.190671875 0.620125 0.039796874999999995 0.07453125000000001
0 0.375984375 0.289796875 0.029984375 0.057703125
0 0.369875 0.15490625 0.028171875000000002 0.044671875
0 0.10931249999999999 0.162234375 0.030156250000000002 0.042875
0 0.38159375 0.399171875 0.032109375 0.06109375
0 0.617671875 0.398921875 0.027375 0.0548125
0 0.297609375 0.458984375 0.03678125 0.0676875
0 0.766109375 0.630859375 0.038109375 0.082828125
0 0.411140625 0.40014062499999997 0.037593749999999995 0.0614375
0 0.12128125000000001 0.615234375 0.041140625 0.08039062500000001
0 0.400875 0.45824999999999994 0.03278125 0.07520312500000001
0 0.402828125 0.2893125 0.02759375 0.05759375
0 0.579109375 0.62646875 0.029546875 0.073296875
0 0.69140625 0.629890625 0.03240625 0.082703125
0 0.8022500000000001 0.63184375 0.03796875 0.089109375
0 0.141109375 0.29053125 0.035828125 0.053593749999999996
0 0.46778125 0.39990625 0.03284375 0.06021875
0 0.33984375 0.45996875 0.034609375 0.0700625
0 0.7265625 0.628421875 0.034484375 0.0883125
0 0.043703124999999995 0.4609375 0.041140625 0.06476562500000001
0 0.301265625 0.620609375 0.0391875 0.07520312500000001
0 0.207515625 0.460453125 0.03934375 0.071046875
0 0.50634375 0.625484375 0.033265625 0.0808125
0 0.034875 0.610359375 0.044671875 0.072390625
0 0.263921875 0.464359375 0.03615625 0.058140625
0 0.33984375 0.286375 0.029484375 0.052609375
0 0.5859375 0.39478125 0.025625 0.06359375
0 0.068546875 0.463875 0.04146875 0.05965625
0 0.43775000000000003 0.62403125 0.034484375 0.08251562500000001
0 0.521484375 0.4585 0.028937499999999998 0.07146875
0 0.40599999999999997 0.1534375 0.027640625000000002 0.0456875
0 0.61865625 0.27978125 0.0238125 0.057921875
0 0.35521875 0.048578125 0.0235625 0.036015625
0 0.33471875 0.62109375 0.037203125 0.07195312499999999
0 0.090875 0.24865624999999997 0.032468750000000005 0.043765625
0 0.526375 0.39990625 0.028968749999999998 0.053984374999999994
0 0.654296875 0.625984375 0.031203124999999998 0.08692187500000001
0 0.179078125 0.45946875 0.03896875 0.069390625
0 0.21789062499999998 0.621578125 0.04009375 0.073421875
0 0.42943749999999997 0.2839375 0.028171875000000002 0.057374999999999995
0 0.54834375 0.141109375 0.023421875 0.046296875
0 0.191890625 0.157109375 0.026609375 0.04303125
0 0.8545 0.466796875 0.035609375 0.068421875
0 0.254890625 0.400390625 0.04184375 0.063109375
0 0.42846875000000006 0.04553125 0.021124999999999998 0.037593749999999995
0 0.18128125 0.24378125 0.031734374999999995 0.042171875
0 0.21789062499999998 0.156375 0.029593750000000002 0.0419375
0 0.671390625 0.2263125 0.026453125 0.05625
0 0.255375 0.622078125 0.04321875 0.07409375
0 0.527828125 0.108765625 0.023765625000000002 0.0419375
0 0.16809375 0.4038125 0.03634375 0.0505
0 0.29565625 0.0485 0.0225 0.03409375
0 0.237921875 0.2888125 0.03253125 0.05292187499999999
0 0.39478125 0.0479375 0.024390625 0.0365625
0 0.130859375 0.24596874999999999 0.030953124999999998 0.042640625
0 0.263671875 0.727546875 0.05059375000000001 0.09534375
0 0.8207968749999999 0.278328125 0.030046875 0.060421875
0 0.257328125 0.051546875000000006 0.0219375 0.036984375
0 0.650390625 0.45873437499999997 0.028484375 0.0705625
0 0.583015625 0.45971875000000006 0.0270625 0.069390625
0 0.87890625 0.63671875 0.04178125 0.082703125
0 0.189703125 0.2890625 0.034484375 0.0546875
0 0.0505 0.2941875 0.03896875 0.050421875000000005
0 0.70165625 0.276125 0.024515625 0.0570625
0 0.14942187499999998 0.16015625 0.027171875 0.039546874999999995
0 0.04553125 0.25415625 0.035734375 0.0403125
0 0.533203125 0.034999999999999996 0.023859375 0.039796874999999995
0 0.311765625 0.287359375 0.033328125 0.05865625
0 0.8188437499999999 0.46240625 0.03615625 0.06634375
0 0.021812500000000002 0.2941875 0.03359375 0.052125
0 0.323484375 0.24132812499999998 0.03125 0.052515624999999996
0 0.1955625 0.05834375000000001 0.02409375 0.039796874999999995
0 0.790046875 0.274421875 0.026968750000000003 0.059875
0 0.482421875 0.2890625 0.029140624999999996 0.047796875
0 0.248046875 0.11968749999999999 0.0263125 0.035734375
0 0.590328125 0.230109375 0.024656249999999998 0.053890625000000004
0 0.449703125 0.043703124999999995 0.022468750000000003 0.03634375
0 0.01803125 0.46020312499999994 0.036078125 0.06659375
0 0.71240625 0.46068749999999997 0.031015625 0.073421875
0 0.5961875 0.03259375 0.020421875 0.041078125
0 0.17296875 0.156375 0.02409375 0.040765625
0 0.315671875 0.050234375 0.022328124999999997 0.03371875
0 0.21203124999999998 0.9248125 0.046484375 0.10175000000000001
0 0.1590625 0.2445 0.028218749999999997 0.04025
0 0.3566875 0.118171875 0.026968750000000003 0.037390625
0 0.180546875 0.728515625 0.055109375 0.0834375
0 0.33446875 0.119390625 0.024609375 0.036890624999999996
0 0.197140625 0.404296875 0.041078125 0.051937500000000004
0 0.0701875 0.612796875 0.0533125 0.085875
0 0.03796875 0.40503125000000006 0.04690625 0.048578125
0 0.30834375 0.018015625 0.02284375 0.028875
0 0.67821875 0.396234375 0.030625000000000003 0.0675625
0 0.294921875 0.118171875 0.029312500000000002 0.034421875000000005
0 0.44457812499999994 0.95215625 0.03353125 0.085390625
0 0.838875 0.633296875 0.039546874999999995 0.090265625
0 0.305671875 0.72559375 0.043609375 0.07709375
0 0.146609375 0.126953125 0.028875 0.03671875
0 0.271234375 0.11878124999999999 0.024390625 0.03521875
0 0.640625 0.029078125 0.0205625 0.0406875
0 0.387203125 0.237921875 0.033078125 0.047328125
0 0.049046875000000004 0.10968750000000001 0.038171875 0.028484375
0 0.38184375 0.11676562500000001 0.025374999999999998 0.03790625
0 0.21192187499999998 0.025859375 0.031078125 0.0298125
0 0.413578125 0.116328125 0.025625 0.035953125
0 0.9555624999999999 0.465328125 0.035890624999999995 0.061312500000000006
0 0.118171875 0.927734375 0.0406875 0.091734375
0 0.250984375 0.24010937499999999 0.029875000000000002 0.0419375
0 0.27734375 0.051671875 0.02346875 0.03534375
0 0.22131249999999997 0.054203125 0.026703125 0.037265625000000004
0 0.9243124999999999 0.338875 0.031078125 0.04921875
0 0.250734375 0.9340781249999999 0.042390625 0.095515625
0 0.03359375 0.722171875 0.054296875 0.093015625
0 0.51075 0.7319375 0.0388125 0.094484375
0 0.396734375 0.9516562499999999 0.039953125 0.085875
0 0.092828125 0.16771875 0.0270625 0.040015625
0 0.255375 0.02434375 0.026765624999999998 0.03384375
0 0.22985937500000003 0.12 0.02790625 0.03615625
0 0.189578125 0.12140625000000001 0.0235625 0.0364375
0 0.37475 0.049140625 0.02178125 0.035546875
0 0.1799375 0.0558125 0.019375 0.040015625
0 0.704109375 0.02615625 0.02025 0.041140625
0 0.018515625 0.172609375 0.035671875 0.037109375
0 0.516109375 0.012015625 0.020640625000000003 0.023859375
0 0.166140625 0.9375 0.046203125 0.08301562500000001
0 0.0936875 0.4038125 0.03875 0.05234375
0 0.344484375 0.018687500000000003 0.024421875000000003 0.03359375
0 0.440921875 0.013328125 0.025953125 0.02665625
0 0.5341875 0.0121875 0.018828125 0.024046875000000002
0 0.5415 0.9536093749999999 0.030375000000000003 0.08692187500000001
0 0.168703125 0.12323437500000001 0.02328125 0.036984375
0 0.012687499999999999 0.609859375 0.025359375 0.06804687499999999
0 0.065734375 0.08251562500000001 0.04025 0.034234375
0 0.49903125 0.954109375 0.040828125 0.08496875000000001
0 0.02390625 0.039421875 0.022765625 0.031859375
0 0.79590625 0.021625 0.0200625 0.04271875
0 0.1586875 0.195921875 0.045953125 0.034296875
0 0.21081249999999999 0.22204687500000003 0.030953124999999998 0.041234375000000004
0 0.594734375 0.10284374999999998 0.021328125 0.038703125
0 0.4765625 0.014390625 0.021984375 0.02784375
0 0.016765625 0.40503125000000006 0.03353125 0.051265625
0 0.554203125 0.010859375000000001 0.022296875 0.021156249999999998
0 0.009890625 0.064875 0.019765625000000002 0.035671875
0 0.010640624999999999 0.71875 0.021296875 0.08709375
0 0.730953125 0.72803125 0.039421875 0.09740625
0 0.74609375 0.9404375 0.036828125 0.10778125000000001
0 0.387203125 0.018187500000000002 0.027796875 0.034359375
0 0.9379843749999999 0.40234375 0.034937499999999996 0.05890625000000001
0 0.7006875 0.9565468750000001 0.029312500000000002 0.07976562499999999
0 0.11474999999999999 0.130734375 0.040015625 0.032109375
0 0.362546875 0.015296874999999998 0.023421875 0.03021875
0 0.07781249999999999 0.063234375 0.035546875 0.03284375
0 0.9028281249999999 0.73584375 0.069515625 0.0626875
0 0.093328125 0.04015625 0.034937499999999996 0.032468750000000005
0 0.17809375 0.03021875 0.0270625 0.03228125
0 0.158078125 0.02784375 0.020453125 0.028968749999999998
0 0.726078125 0.00640625 0.0206875 0.012625
0 0.9145468749999999 0.793453125 0.077203125 0.06021875
0 0.9223593749999999 0.8530312500000001 0.06804687499999999 0.0678125
0 0.11279687499999999 0.010125 0.030328125 0.01953125
0 0.01621875 0.15503125 0.031375 0.028109375
0 0.95996875 0.9560625 0.068421875 0.083625
0 0.0078125 0.21471874999999999 0.015125 0.02784375