0 0.6882343750000001 0.628046875 0.0361875 0.0894375
0 0.578125 0.619140625 0.029249999999999998 0.08465625
0 0.612796875 0.624515625 0.029484375 0.078484375
0 0.8090781249999999 0.63184375 0.034828125 0.08959375
0 0.740234375 0.461421875 0.030796875 0.07665625000000001
0 0.2605 0.46240625 0.03615625 0.0730625
0 0.151984375 0.62109375 0.042171875 0.078484375
0 0.2529375 0.620125 0.038609375 0.0754375
0 0.06348437500000001 0.6118125 0.042578125 0.08465625
0 0.4868125 0.45946875 0.027437499999999997 0.0753125
0 0.30053125 0.62109375 0.037328125000000004 0.076296875
0 0.3986875 0.46020312499999994 0.031734374999999995 0.072390625
0 0.64990625 0.457515625 0.02434375 0.07159375
0 0.335203125 0.619625 0.0364375 0.073859375
0 0.42798437500000003 0.461921875 0.029375000000000002 0.07079687500000001
0 0.4350625 0.625 0.030375000000000003 0.076421875
0 0.093875 0.46020312499999994 0.038906249999999996 0.0704375
0 0.5805625 0.45873437499999997 0.026765624999999998 0.07575
0 0.18457812499999998 0.61865625 0.040375 0.074765625
0 0.0313125 0.6123125 0.046390625000000005 0.072390625
0 0.14990625 0.45996875 0.03875 0.06982812499999999
0 0.37865625 0.39721875 0.028218749999999997 0.06231250000000001
0 0.4555625 0.283203125 0.025374999999999998 0.0548125
0 0.24865624999999997 0.946296875 0.044 0.088015625
0 0.2941875 0.46215624999999994 0.034187499999999996 0.0731875
0 0.1665 0.40307812500000006 0.03753125 0.05625
0 0.50684375 0.625484375 0.033328125 0.086484375
0 0.40404687499999997 0.6225625 0.033390625 0.07946875
0 0.473140625 0.142703125 0.022578124999999998 0.048859375
0 0.089484375 0.40503125000000006 0.038453125 0.055109375
0 0.260015625 0.28809375 0.032234374999999996 0.057703125
0 0.222171875 0.62109375 0.038171875 0.07520312500000001
0 0.370359375 0.621578125 0.03390625 0.07453125000000001
0 0.761234375 0.609375 0.034828125 0.085875
0 0.648921875 0.626953125 0.028375 0.07946875
0 0.24865624999999997 0.23937499999999998 0.030625000000000003 0.04715625
0 0.773921875 0.02009375 0.020499999999999997 0.03934375
0 0.61621875 0.46020312499999994 0.02640625 0.073546875
0 0.068546875 0.293453125 0.037593749999999995 0.057499999999999996
0 0.38403125 0.23584375 0.028437499999999998 0.047703125
0 0.574703125 0.030375000000000003 0.020640625000000003 0.039281250000000004
0 0.022765625 0.724125 0.045515625 0.094359375
0 0.526859375 0.3933125 0.028968749999999998 0.07079687500000001
0 0.349359375 0.40454687500000003 0.031671875 0.05603125
0 0.78271875 0.46215624999999994 0.030796875 0.07434375
0 0.1745625 0.727546875 0.041625 0.096375
0 0.8159218750000001 0.45971875000000006 0.033140625 0.074765625
0 0.321296875 0.23828125 0.03021875 0.0483125
0 0.365484375 0.46020312499999994 0.030156250000000002 0.0705625
0 0.03934375 0.405765625 0.039640625 0.0531875
0 0.449703125 0.145015625 0.02390625 0.047609374999999995
0 0.524421875 0.1065 0.021703125 0.039953125
0 0.11920312500000001 0.93359375 0.047703125 0.091546875
0 0.35521875 0.04459375 0.023375 0.040531250000000005
0 0.536140625 0.28246875 0.0245625 0.052031249999999994
0 0.671390625 0.224859375 0.024515625 0.056859375000000004
0 0.732421875 0.2731875 0.024 0.06118749999999999
0 0.8207968749999999 0.276125 0.0304375 0.065484375
0 0.12128125000000001 0.61865625 0.039640625 0.07171875
0 0.058437499999999996 0.724609375 0.05014062500000001 0.097234375
0 0.883796875 0.634765625 0.042640625 0.080203125
0 0.380125 0.114203125 0.023421875 0.039125
0 0.7085 0.0219375 0.018546874999999997 0.040015625
0 0.761234375 0.2736875 0.025171875 0.057703125
0 0.543453125 0.955078125 0.031375 0.085390625
0 0.33446875 0.114203125 0.025718750000000002 0.041625
0 0.258796875 0.149046875 0.028546875 0.047796875
0 0.745609375 0.1329375 0.022421875 0.050234375
0 0.339109375 0.460453125 0.03228125 0.068421875
0 0.53271875 0.029203125000000003 0.020296875 0.0468125
0 0.618171875 0.09771875 0.020015625000000002 0.04553125
0 0.70215625 0.274421875 0.023078124999999998 0.05759375
0 0.981859375 0.5913125 0.036265625 0.068546875
0 0.665046875 0.09234375 0.02284375 0.050421875000000005
0 0.680671875 0.45678124999999997 0.025421875 0.06928125
0 0.677734375 0.395515625 0.025796875000000004 0.05878124999999999
0 0.523921875 0.140140625 0.020890625 0.043609375
0 0.980859375 0.708984375 0.038265625 0.078375
0 0.70165625 0.9614218749999999 0.031609375 0.07520312500000001
0 0.53809375 0.234625 0.0231875 0.045015625
0 0.34375 0.015359375 0.022078125 0.0305
0 0.72509375 0.2268125 0.024609375 0.046203125
0 0.06525 0.248296875 0.03534375 0.0391875
0 0.14575 0.12403125 0.02390625 0.039125
0 0.156125 0.24279687499999997 0.031140624999999998 0.044437500000000005
0 0.47021875 0.0376875 0.021484375 0.039281250000000004
0 0.950203125 0.9457968749999999 0.072390625 0.08301562500000001
0 0.728515625 0.020796875 0.019171874999999998 0.04153125
0 0.48657812500000003 0.23424999999999999 0.025046875000000003 0.043859375
0 0.253421875 0.053015625 0.02409375 0.040015625
0 0.30346875 0.149046875 0.027265624999999998 0.04453125
0 0.1066875 0.129390625 0.0315625 0.034421875000000005
0 0.270265625 0.11578124999999999 0.024796875 0.03521875
0 0.665046875 0.026859375 0.019234375 0.034765625
0 0.166875 0.12073437499999999 0.026000000000000002 0.042234375000000005
0 0.7295 0.728515625 0.03621875 0.09271875
0 0.30371875 0.016718749999999998 0.022421875 0.031140624999999998
0 0.1615 0.058140625 0.024421875000000003 0.039640625
0 0.016640625 0.4555625 0.033296875 0.06982812499999999
0 0.24890625000000002 0.117796875 0.023609375 0.0419375
0 0.08959375 0.166265625 0.031921875 0.04303125
0 0.26709375 0.018437500000000002 0.024421875000000003 0.030671874999999998
0 0.03796875 0.12323437500000001 0.037328125000000004 0.0315
0 0.49145312499999994 0.034484375 0.02084375 0.042578125
0 0.313234375 0.11395312500000002 0.02475 0.03634375
0 0.279546875 0.151859375 0.026453125 0.044
0 0.17821875 0.24096875 0.0304375 0.04146875
0 0.9311562500000001 0.861328125 0.073671875 0.06903125
0 0.311765625 0.35303125 0.050234375 0.058015625
0 0.411140625 0.11395312500000002 0.022890625 0.04015625
0 0.15784375 0.026359375 0.0238125 0.033078125
0 0.056765625 0.08978125 0.035734375 0.0313125
0 0.089296875 0.03359375 0.039953125 0.02790625
0 0.021203125 0.293703125 0.037046875 0.05225
0 0.9018593750000001 0.731453125 0.073859375 0.056125
0 0.22864062500000001 0.118171875 0.0225 0.04015625
0 0.040984375 0.25025 0.03259375 0.039640625
0 0.205078125 0.1199375 0.022671875 0.04046875
0 0.40209374999999997 0.01490625 0.021234375 0.029312500000000002
0 0.494140625 0.011296875000000001 0.018296875 0.02253125
0 0.456546875 0.0130625 0.019984375 0.026125
0 0.275390625 0.04578125 0.022109375 0.0403125
0 0.55615625 0.009453125 0.01634375 0.018437500000000002
0 0.198359375 0.0546875 0.025515624999999997 0.0391875
0 0.29834375 0.04459375 0.02225 0.036625000000000005
0 0.22937500000000002 0.023765625000000002 0.0231875 0.03125
0 0.9164999999999999 0.7915 0.08740624999999999 0.06609374999999999
0 0.11260937499999998 0.29028125 0.037109375 0.057921875
0 0.616703125 0.007671875 0.016468749999999997 0.01484375
0 0.10687500000000001 0.009859375 0.036828125 0.019015625
0 0.18067187499999998 0.05645312500000001 0.023859375 0.039703125
0 0.192265625 0.027328124999999998 0.025078125 0.030046875
0 0.47240624999999997 0.018984375 0.01909375 0.030328125
0 0.00996875 0.06348437500000001 0.018828125 0.026765624999999998
0 0.14453125 0.062109375 0.020453125 0.030671874999999998
0 0.747078125 0.0063437499999999996 0.017640625 0.012578125
0 0.06634375 0.075984375 0.032890625 0.027687499999999997
0 0.007062499999999999 0.2004375 0.013953125 0.048125