0 0.367671875 0.45971875000000006 0.03409375 0.069640625
0 0.49096875000000006 0.464359375 0.030109375 0.06890625
0 0.45971875000000006 0.46240625 0.028968749999999998 0.065984375
0 0.519046875 0.458984375 0.029484375 0.07195312499999999
0 0.43042187500000006 0.464359375 0.033484375 0.07421875
0 0.473140625 0.621578125 0.031203124999999998 0.07764062499999999
0 0.61571875 0.45923437500000003 0.026968750000000003 0.0704375
0 0.551265625 0.4585 0.029375000000000002 0.0704375
0 0.747078125 0.462890625 0.031796875 0.073859375
0 0.40234375 0.61865625 0.032171875 0.08106250000000001
0 0.185546875 0.618171875 0.03934375 0.076296875
0 0.399421875 0.46118750000000003 0.031796875 0.072078125
0 0.11840625 0.61328125 0.04184375 0.07965625
0 0.09618750000000001 0.45996875 0.04009375 0.06021875
0 0.06982812499999999 0.46020312499999994 0.040531250000000005 0.06281250000000001
0 0.148796875 0.61621875 0.040531250000000005 0.080625
0 0.12403125 0.460453125 0.040625 0.06085937500000001
0 0.3725625 0.61328125 0.033390625 0.07653125
0 0.612796875 0.625984375 0.029031249999999998 0.07195312499999999
0 0.370125 0.155390625 0.027953125000000002 0.044187500000000005
0 0.76025 0.275140625 0.02640625 0.058234375000000005
0 0.731453125 0.2731875 0.027218750000000003 0.06029687500000001
0 0.065984375 0.29321875 0.034875 0.048953125
0 0.40209374999999997 0.290046875 0.027171875 0.05603125
0 0.469234375 0.39990625 0.03528125 0.05878124999999999
0 0.37525 0.29028125 0.02784375 0.05603125
0 0.339359375 0.46020312499999994 0.031203124999999998 0.06915625
0 0.58984375 0.27978125 0.028218749999999997 0.054296875
0 0.297359375 0.458015625 0.038453125 0.06867187500000001
0 0.093875 0.29175 0.038234375 0.0505
0 0.044765624999999996 0.293703125 0.03234375 0.048125
0 0.765140625 0.63184375 0.03384375 0.07946875
0 0.578125 0.62403125 0.027484375 0.076421875
0 0.10895312500000001 0.16296875 0.030734375 0.042171875
0 0.281734375 0.3986875 0.036078125 0.06221875
0 0.61865625 0.39965625 0.029484375 0.0548125
0 0.2529375 0.62109375 0.039484375 0.0754375
0 0.353265625 0.395265625 0.034875 0.061312500000000006
0 0.30053125 0.62109375 0.037265625000000004 0.0754375
0 0.40650000000000003 0.1536875 0.027171875 0.044671875
0 0.034937499999999996 0.611328125 0.042078125 0.068296875
0 0.7841875 0.46314062500000003 0.033390625 0.072078125
0 0.80078125 0.63134375 0.03775 0.088984375
0 0.336421875 0.620125 0.03534375 0.07585937499999999
0 0.41235937500000003 0.397703125 0.03896875 0.05500000000000001
0 0.581546875 0.458015625 0.027218750000000003 0.0703125
0 0.68896875 0.6279375 0.029703125000000004 0.0856875
0 0.619140625 0.2788125 0.0255625 0.057921875
0 0.17809375 0.45946875 0.04046875 0.0703125
0 0.250484375 0.401375 0.03365625 0.067203125
0 0.22204687500000003 0.619140625 0.038453125 0.075015625
0 0.542 0.625 0.029031249999999998 0.078484375
0 0.50634375 0.622078125 0.030156250000000002 0.08446875000000001
0 0.652828125 0.62353125 0.02790625 0.08465625
0 0.312015625 0.28809375 0.031984374999999995 0.054906250000000004
0 0.31225 0.40307812500000006 0.0390625 0.05440625
0 0.379890625 0.3981875 0.03125 0.06021875
0 0.21582812499999998 0.1565 0.0270625 0.041328125
0 0.430671875 0.283203125 0.029640624999999997 0.056546874999999996
0 0.52734375 0.400390625 0.031984374999999995 0.055109375
0 0.43823437500000006 0.62109375 0.033015625 0.085390625
0 0.58740625 0.39453125 0.028968749999999998 0.060515624999999997
0 0.340578125 0.286625 0.031015625 0.051765625
0 0.257328125 0.052703124999999997 0.021984375 0.036015625
0 0.23840625000000001 0.1536875 0.028437499999999998 0.043359375
0 0.19043749999999998 0.15771875 0.0280625 0.04303125
0 0.711421875 0.46167187500000006 0.029875000000000002 0.072390625
0 0.140875 0.289796875 0.035546875 0.0533125
0 0.349609375 0.239015625 0.033203125 0.04271875
0 0.174078125 0.156734375 0.026968750000000003 0.042328125
0 0.2631875 0.46410937499999994 0.037203125 0.058437499999999996
0 0.548828125 0.14160937499999998 0.024656249999999998 0.045203125
0 0.8779375 0.63671875 0.043765625 0.082390625
0 0.042078125 0.46215624999999994 0.040531250000000005 0.066953125
0 0.354984375 0.048578125 0.02475 0.03678125
0 0.258796875 0.7295 0.044765624999999996 0.09618750000000001
0 0.724125 0.625 0.031140624999999998 0.09221875
0 0.70165625 0.276859375 0.02475 0.05450000000000001
0 0.208984375 0.46020312499999994 0.043453124999999995 0.072078125
0 0.528328125 0.10895312500000001 0.025515624999999997 0.040765625
0 0.065125 0.6123125 0.043703124999999995 0.080625
0 0.39478125 0.047703125 0.023703125 0.03621875
0 0.650390625 0.458984375 0.029078125 0.0704375
0 0.79053125 0.2736875 0.026546874999999998 0.059875
0 0.42821875 0.04553125 0.021281249999999998 0.03790625
0 0.135125 0.160890625 0.033390625 0.042875
0 0.818359375 0.46314062500000003 0.036078125 0.06609374999999999
0 0.679203125 0.45971875000000006 0.028546875 0.0701875
0 0.02109375 0.2941875 0.030734375 0.0505
0 0.8207968749999999 0.279046875 0.030109375 0.05890625000000001
0 0.415046875 0.11578124999999999 0.026453125 0.036625000000000005
0 0.11101562499999999 0.24939062500000003 0.032234374999999996 0.042578125
0 0.8539999999999999 0.46778125 0.036015625 0.066828125
0 0.5336875 0.03534375 0.022468750000000003 0.04009375
0 0.32325 0.24059375 0.030625000000000003 0.049859375
0 0.1796875 0.24401562499999999 0.029921874999999997 0.040921875
0 0.296140625 0.04715625 0.023734375 0.036015625
0 0.44946875000000003 0.043765625 0.02390625 0.0365625
0 0.837890625 0.633296875 0.038906249999999996 0.09009375
0 0.19909375 0.05890625000000001 0.032953125 0.040375
0 0.671390625 0.2263125 0.027437499999999997 0.0558125
0 0.48217187499999997 0.1095 0.026500000000000003 0.0406875
0 0.21240625 0.9233437500000001 0.04559375 0.100703125
0 0.04434375 0.251953125 0.032171875 0.03790625
0 0.5961875 0.03240625 0.02021875 0.040921875
0 0.301765625 0.727546875 0.038453125 0.07709375
0 0.590828125 0.23071875 0.027109375 0.054203125
0 0.017906250000000002 0.46118750000000003 0.035828125 0.065984375
0 0.44701562499999997 0.9516562499999999 0.033390625 0.0856875
0 0.438484375 0.11474999999999999 0.029312500000000002 0.037046875
0 0.145875 0.3986875 0.036984375 0.060765625000000004
0 0.333984375 0.11981250000000002 0.026000000000000002 0.03628125
0 0.35790625 0.117984375 0.027734375 0.035546875
0 0.090265625 0.24890625000000002 0.033328125 0.039640625
0 0.14684375 0.12609375 0.02865625 0.034765625
0 0.641109375 0.029703125000000004 0.020796875 0.040015625
0 0.3154375 0.051546875000000006 0.022625 0.03240625
0 0.198734375 0.40356249999999994 0.043515625 0.05292187499999999
0 0.035953125 0.40551562499999994 0.04015625 0.048765625
0 0.0626875 0.406734375 0.038906249999999996 0.051000000000000004
0 0.48290625 0.2890625 0.030859375 0.046625
0 0.176140625 0.729 0.048671874999999996 0.08106250000000001
0 0.507328125 0.732421875 0.034296875 0.093015625
0 0.09234375 0.16821875 0.02615625 0.039484375
0 0.158203125 0.241828125 0.029546875 0.04015625
0 0.49926562499999994 0.9545937500000001 0.037390625 0.083625
0 0.67821875 0.395515625 0.031140624999999998 0.06476562500000001
0 0.0675625 0.251953125 0.034296875 0.039953125
0 0.388921875 0.237921875 0.03240625 0.04803125
0 0.296390625 0.11859375000000001 0.031921875 0.03384375
0 0.049859375 0.110109375 0.038703125 0.028218749999999997
0 0.170046875 0.403328125 0.034875 0.05242187499999999
0 0.271234375 0.119015625 0.025515624999999997 0.035609375
0 0.1483125 0.059328124999999995 0.028875 0.04525
0 0.093203125 0.40551562499999994 0.042578125 0.05500000000000001
0 0.37621875 0.0485 0.021703125 0.03628125
0 0.189703125 0.12359374999999999 0.02409375 0.0391875
0 0.21032812500000003 0.119015625 0.025046875000000003 0.03746875
0 0.27709375 0.051265625 0.022625 0.03353125
0 0.25121875 0.934578125 0.04321875 0.093875
0 0.380859375 0.11676562500000001 0.025171875 0.0364375
0 0.1955625 0.028375 0.031734374999999995 0.0304375
0 0.24548437500000003 0.12042187499999998 0.02859375 0.03515625
0 0.477546875 0.013578125 0.023765625000000002 0.027171875
0 0.11968749999999999 0.9262656249999999 0.040984375 0.086484375
0 0.012515624999999999 0.61084375 0.025015625000000003 0.06621875
0 0.397703125 0.9516562499999999 0.038609375 0.0856875
0 0.2890625 0.017374999999999998 0.02409375 0.030796875
0 0.16504687499999998 0.9360312499999999 0.0479375 0.08301562500000001
0 0.168703125 0.12403125 0.0241875 0.0376875
0 0.18225 0.05645312500000001 0.02190625 0.040984375
0 0.9233437500000001 0.33959375 0.031609375 0.049140625
0 0.034234375 0.720703125 0.05371875 0.09271875
0 0.70459375 0.026859375 0.020421875 0.039484375
0 0.343265625 0.0199375 0.025421875 0.031609375
0 0.22937500000000002 0.11962500000000001 0.026453125 0.036015625
0 0.26146875 0.022578124999999998 0.021703125 0.030671874999999998
0 0.307375 0.018687500000000003 0.028109375 0.0305625
0 0.440921875 0.013250000000000001 0.025796875000000004 0.026500000000000003
0 0.516109375 0.012015625 0.02109375 0.023734375
0 0.2006875 0.242546875 0.03628125 0.040984375
0 0.955078125 0.46557812500000006 0.03365625 0.05965625
0 0.014859375 0.405765625 0.02971875 0.051171875
0 0.233890625 0.025515624999999997 0.026203125 0.036015625
0 0.542 0.9536093749999999 0.03021875 0.085578125
0 0.1224375 0.13 0.033015625 0.029249999999999998
0 0.020890625 0.040921875 0.029484375 0.031609375
0 0.701171875 0.958015625 0.030671874999999998 0.0780625
0 0.40112500000000006 0.017109375 0.02790625 0.033203125
0 0.939453125 0.40209374999999997 0.034999999999999996 0.055109375
0 0.594734375 0.10320312499999999 0.02165625 0.0376875
0 0.79540625 0.023703125 0.020796875 0.039421875
0 0.7295 0.726078125 0.035828125 0.093015625
0 0.554203125 0.010859375000000001 0.023765625000000002 0.021359375
0 0.251953125 0.240484375 0.031375 0.040984375
0 0.5336875 0.01125 0.01890625 0.0225
0 0.010609375 0.719734375 0.02121875 0.08709375
0 0.9716875 0.54053125 0.03875 0.059328124999999995
0 0.17590625 0.030625000000000003 0.027687499999999997 0.034234375
0 0.74609375 0.9453125 0.035828125 0.1014375
0 0.07781249999999999 0.061765625000000005 0.03521875 0.03125
0 0.026453125 0.159296875 0.038390625 0.028015625
0 0.093203125 0.03790625 0.03409375 0.031734374999999995
0 0.9008749999999999 0.73290625 0.068421875 0.056546874999999996
0 0.155640625 0.03028125 0.02284375 0.032890625
0 0.015296874999999998 0.1746875 0.0298125 0.034999999999999996
0 0.9140625 0.791015625 0.072078125 0.06348437500000001
0 0.726078125 0.00646875 0.020796875 0.012718750000000001
0 0.922859375 0.857421875 0.06609374999999999 0.06109375
0 0.911140625 0.2944375 0.0314375 0.04178125
0 0.9594687499999999 0.954109375 0.064640625 0.080203125
0 0.008515625 0.21496875000000001 0.016593749999999997 0.027796875
0 0.1121875 0.010328125 0.03396875 0.02025
0 0.793453125 0.005640625 0.020640625000000003 0.010609375