0 0.778328125 0.72803125 0.0419375 0.07585937499999999
0 0.72803125 0.63184375 0.033015625 0.08228125
0 0.511234375 0.73340625 0.03365625 0.09484375
0 0.301265625 0.724125 0.038234375 0.0805
0 0.8530312500000001 0.46459374999999997 0.035546875 0.0753125
0 0.763671875 0.630375 0.038390625 0.083125
0 0.0304375 0.723140625 0.047328125 0.102296875
0 0.8188437499999999 0.462890625 0.035484375 0.0679375
0 0.743171875 0.45946875 0.031609375 0.07520312500000001
0 0.9545937500000001 0.45996875 0.03278125 0.048953125
0 0.06109375 0.727546875 0.053890625000000004 0.104671875
0 0.21192187499999998 0.9223593749999999 0.05109375000000001 0.1015625
0 0.164921875 0.934578125 0.047703125 0.0809375
0 0.26196875 0.72803125 0.04434375 0.10034375
0 0.181390625 0.727046875 0.04321875 0.1014375
0 0.034234375 0.619140625 0.041625 0.072078125
0 0.802734375 0.39575 0.033203125 0.0703125
0 0.57715625 0.62646875 0.029921874999999997 0.075015625
0 0.690921875 0.626953125 0.033390625 0.08106250000000001
0 0.122125 0.921875 0.046484375 0.08990625
0 0.509765625 0.628421875 0.0305 0.075015625
0 0.939453125 0.40356249999999994 0.034875 0.0548125
0 0.65528125 0.626953125 0.032234374999999996 0.07860937500000001
0 0.440921875 0.624515625 0.03284375 0.078796875
0 0.7788125 0.45824999999999994 0.031921875 0.065
0 0.543453125 0.6274375 0.028765625 0.073859375
0 0.79053125 0.274171875 0.029484375 0.062109375
0 0.47435937499999997 0.626953125 0.03228125 0.07434375
0 0.728515625 0.726078125 0.03528125 0.090875
0 0.8393593750000001 0.387453125 0.03359375 0.0703125
0 0.30321875 0.622078125 0.037593749999999995 0.078921875
0 0.77196875 0.40014062499999997 0.029484375 0.0624375
0 0.09515625 0.618171875 0.040828125 0.07434375
0 0.8393593750000001 0.637703125 0.04296875 0.098453125
0 0.67871875 0.46314062500000003 0.028546875 0.0754375
0 0.755859375 0.94825 0.0365625 0.098265625
0 0.970703125 0.529296875 0.041234375000000004 0.085578125
0 0.399171875 0.9575156249999999 0.04434375 0.07520312500000001
0 0.73828125 0.395515625 0.0263125 0.061890625
0 0.701171875 0.95703125 0.035484375 0.07585937499999999
0 0.711921875 0.4609375 0.028875 0.0753125
0 0.614265625 0.624515625 0.030953124999999998 0.0779375
0 0.25659375 0.62353125 0.03934375 0.07585937499999999
0 0.336671875 0.6225625 0.03528125 0.07520312500000001
0 0.40795312499999997 0.620609375 0.033265625 0.07575
0 0.901375 0.7368125 0.071046875 0.06476562500000001
0 0.12634375 0.617671875 0.038546875 0.0833125
0 0.614265625 0.455078125 0.025796875000000004 0.074765625
0 0.583015625 0.45923437500000003 0.02828125 0.07575
0 0.9233437500000001 0.8588906250000001 0.065484375 0.06915625
0 0.64696875 0.388921875 0.027171875 0.070921875
0 0.15784375 0.619625 0.044437500000000005 0.085265625
0 0.984375 0.629890625 0.028484375 0.08496875000000001
0 0.67871875 0.38525 0.027640625000000002 0.068421875
0 0.191890625 0.6171875 0.038703125 0.082390625
0 0.70215625 0.273921875 0.025718750000000002 0.06231250000000001
0 0.22326562499999997 0.622078125 0.039125 0.07781249999999999
0 0.373046875 0.61328125 0.031984374999999995 0.0755625
0 0.521484375 0.4585 0.028171875000000002 0.075984375
0 0.8168906249999999 0.27465625 0.029593750000000002 0.061312500000000006
0 0.8413125000000001 0.0189375 0.024515625 0.036890624999999996
0 0.01115625 0.71778125 0.02225 0.08465625
0 0.648921875 0.45824999999999994 0.025859375 0.0731875
0 0.730953125 0.27759375 0.0263125 0.059203125
0 0.708984375 0.39990625 0.027375 0.061984375
0 0.019796875 0.30346875 0.030328125 0.045875
0 0.81640625 0.020421875 0.025124999999999998 0.04015625
0 0.45923437500000003 0.46215624999999994 0.029546875 0.0731875
0 0.6171875 0.40160937499999994 0.027109375 0.059546875
0 0.61865625 0.279546875 0.0263125 0.06085937500000001
0 0.912109375 0.296390625 0.030796875 0.042171875
0 0.718265625 0.135375 0.024390625 0.05340625
0 0.339359375 0.46167187500000006 0.031921875 0.06878125
0 0.0910625 0.46264062499999997 0.042328125 0.06221875
0 0.42943749999999997 0.4609375 0.028546875 0.068546875
0 0.396484375 0.461421875 0.0304375 0.06890625
0 0.8061562500000001 0.22351562500000002 0.0270625 0.043953124999999996
0 0.64453125 0.276609375 0.02346875 0.06029687500000001
0 0.551765625 0.45923437500000003 0.025750000000000002 0.073421875
0 0.91309375 0.786625 0.076421875 0.07396875
0 0.48949999999999994 0.45971875000000006 0.029249999999999998 0.074765625
0 0.588875 0.39990625 0.026500000000000003 0.056859375000000004
0 0.10968750000000001 0.01178125 0.034609375 0.022671875
0 0.55371875 0.39453125 0.025374999999999998 0.061890625
0 0.093875 0.0364375 0.033390625 0.026765624999999998
0 0.76171875 0.27759375 0.02590625 0.059546875
0 0.01690625 0.46314062500000003 0.033796875 0.069515625
0 0.294921875 0.461421875 0.035828125 0.0703125
0 0.49584374999999997 0.397703125 0.027265624999999998 0.057921875
0 0.7788125 0.226078125 0.025 0.043859375
0 0.7944375 0.1329375 0.023421875 0.050046875000000005
0 0.6748125 0.281734375 0.0238125 0.05759375
0 0.465328125 0.397953125 0.027640625000000002 0.055609375
0 0.588875 0.284671875 0.023609375 0.053984374999999994
0 0.769046875 0.133171875 0.024281249999999997 0.052515624999999996
0 0.77490625 0.021953125 0.022328124999999997 0.043921875
0 0.796875 0.020921875 0.02253125 0.04178125
0 0.523921875 0.396484375 0.026359375 0.05890625000000001
0 0.701171875 0.0558125 0.042015625 0.025328125
0 0.69678125 0.22815625 0.025625 0.048671874999999996
0 0.727046875 0.02365625 0.022421875 0.043515625
0 0.7841875 0.083625 0.023609375 0.039484375
0 0.7529375 0.229 0.024515625 0.04459375
0 0.41015625 0.40209374999999997 0.0288125 0.05450000000000001
0 0.310296875 0.39746875 0.030625000000000003 0.05625
0 0.7529375 0.0249375 0.02271875 0.04321875
0 0.64209375 0.228875 0.02409375 0.042875
0 0.508296875 0.286625 0.02434375 0.052031249999999994
0 0.726078125 0.228875 0.025078125 0.047328125
0 0.64453125 0.138671875 0.022421875 0.050234375
0 0.61865625 0.23145312499999998 0.0231875 0.044
0 0.56153125 0.284421875 0.023234374999999998 0.05603125
0 0.368890625 0.463375 0.032171875 0.06621875
0 0.2629375 0.463375 0.036828125 0.07079687500000001
0 0.734859375 0.094171875 0.022109375 0.03634375
0 0.76171875 0.09234375 0.02225 0.0378125
0 0.353265625 0.39990625 0.0315625 0.056640625
0 0.379390625 0.40454687500000003 0.030734375 0.0548125
0 0.25146875 0.022109375 0.02059375 0.029484375
0 0.741703125 0.12989062499999998 0.022578124999999998 0.053984374999999994
0 0.5649375 0.22949999999999998 0.023109374999999998 0.04978125
0 0.5913125 0.23145312499999998 0.02409375 0.049859375
0 0.6899375 0.09875 0.022671875 0.048953125
0 0.22290625 0.40112500000000006 0.035890624999999995 0.053015625
0 0.9614218749999999 0.9545937500000001 0.06867187500000001 0.08106250000000001
0 0.668453125 0.13928125 0.020796875 0.047515625
0 0.041625 0.254890625 0.0305 0.044671875
0 0.27709375 0.3986875 0.03403125 0.057374999999999995
0 0.20471875 0.46167187500000006 0.037390625 0.072265625
0 0.039953125 0.458984375 0.041140625 0.0753125
0 0.12359374999999999 0.460453125 0.040625 0.06634375
0 0.713375 0.090765625 0.020921875 0.037265625000000004
0 0.097234375 0.159671875 0.032171875 0.053593749999999996
0 0.2631875 0.285890625 0.02865625 0.060421875
0 0.047093750000000004 0.29271875 0.031375 0.054296875
0 0.4795 0.2888125 0.0255625 0.05071875
0 0.044859375 0.12359374999999999 0.03028125 0.03521875
0 0.43628125000000006 0.398921875 0.027640625000000002 0.051765625
0 0.01953125 0.40014062499999997 0.035828125 0.06009375
0 0.595703125 0.138671875 0.021124999999999998 0.051171875
0 0.3669375 0.149171875 0.02328125 0.051546875000000006
0 0.375484375 0.287359375 0.02975 0.0571875
0 0.530765625 0.279046875 0.022890625 0.059750000000000004
0 0.45385937500000006 0.28515625 0.025328125 0.055937499999999994
0 0.23376562500000003 0.45971875000000006 0.037109375 0.0701875
0 0.43481249999999994 0.111453125 0.0225 0.03528125
0 0.1794375 0.45946875 0.03621875 0.07195312499999999
0 0.664546875 0.10034375 0.02153125 0.044437500000000005
0 0.151125 0.4585 0.036984375 0.069953125
0 0.0679375 0.244875 0.029249999999999998 0.039281250000000004
0 0.683109375 0.023421875 0.01984375 0.04559375
0 0.24903124999999998 0.24010937499999999 0.029546875 0.043453124999999995
0 0.01615625 0.044921875 0.0315625 0.041078125
0 0.340828125 0.28784375 0.030625000000000003 0.058234375000000005
0 0.07653125 0.07184375 0.03228125 0.03259375
0 0.286625 0.01628125 0.024609375 0.0288125
0 0.21349999999999997 0.0219375 0.027015624999999998 0.029640624999999997
0 0.2605 0.151859375 0.0263125 0.044765624999999996
0 0.67040625 0.22265625 0.02390625 0.047328125
0 0.402828125 0.2890625 0.026359375 0.055609375
0 0.640140625 0.024890625 0.0190625 0.04715625
0 0.021015625 0.177984375 0.02753125 0.037328125000000004
0 0.7578125 0.602046875 0.032046875 0.030156250000000002
0 0.859375 0.11181250000000001 0.016468749999999997 0.040531250000000005
0 0.473125 0.15209375 0.018765625 0.042015625