0 0.367921875 0.45581250000000006 0.032890625 0.06928125
0 0.1534375 0.16003125 0.028015625 0.04303125
0 0.09484375 0.16504687499999998 0.031921875 0.04459375
0 0.140875 0.288328125 0.032890625 0.054296875
0 0.371828125 0.613765625 0.032171875 0.07575
0 0.254640625 0.620125 0.03896875 0.0754375
0 0.3361875 0.61865625 0.034828125 0.073859375
0 0.300296875 0.620609375 0.0364375 0.0753125
0 0.74609375 0.46314062500000003 0.029875000000000002 0.073296875
0 0.2370625 0.288328125 0.030796875 0.053593749999999996
0 0.76025 0.275140625 0.025046875000000003 0.05890625000000001
0 0.22156250000000002 0.61865625 0.03796875 0.07453125000000001
0 0.382078125 0.399421875 0.02859375 0.06118749999999999
0 0.27759375 0.049859375 0.020890625 0.035953125
0 0.187859375 0.619625 0.0390625 0.073546875
0 0.356203125 0.045875 0.020374999999999997 0.040375
0 0.187625 0.288578125 0.028218749999999997 0.054109375
0 0.14721875 0.1278125 0.0305 0.039703125
0 0.465328125 0.396484375 0.027640625000000002 0.0546875
0 0.16259375 0.059109375 0.023953125 0.038234375
0 0.45678124999999997 0.46020312499999994 0.031375 0.074890625
0 0.21007812499999998 0.12176562500000002 0.027171875 0.043453124999999995
0 0.322265625 0.23975 0.025421875 0.04803125
0 0.3361875 0.046109375 0.02284375 0.0406875
0 0.581546875 0.458984375 0.02784375 0.07195312499999999
0 0.63965625 0.029203125000000003 0.019015625 0.040765625
0 0.177125 0.45971875000000006 0.038234375 0.0705625
0 0.29296875 0.11840625 0.025171875 0.03671875
0 0.091546875 0.292 0.034484375 0.050421875000000005
0 0.44848437499999994 0.042875 0.0196875 0.036984375
0 0.2058125 0.461921875 0.038171875 0.06928125
0 0.531734375 0.03521875 0.019421874999999998 0.041140625
0 0.54540625 0.140984375 0.02178125 0.046546875
0 0.435546875 0.39990625 0.02615625 0.053093749999999995
0 0.12250000000000001 0.61621875 0.04184375 0.0808125
0 0.6123125 0.621578125 0.030046875 0.077515625
0 0.700203125 0.27465625 0.023515625000000002 0.057921875
0 0.133171875 0.24584375 0.030921874999999998 0.042328125
0 0.615234375 0.39990625 0.026203125 0.056640625
0 0.595703125 0.0314375 0.01971875 0.041140625
0 0.34765625 0.2421875 0.02759375 0.046203125
0 0.6171875 0.279046875 0.023375 0.06021875
0 0.4140625 0.1171875 0.022421875 0.037593749999999995
0 0.0364375 0.610359375 0.044 0.07171875
0 0.296625 0.048578125 0.021328125 0.03615625
0 0.67040625 0.2263125 0.025515624999999997 0.055937499999999994
0 0.168703125 0.40454687500000003 0.03515625 0.0531875
0 0.182 0.056125 0.022984375 0.03796875
0 0.47973437499999994 0.289546875 0.025 0.048125
0 0.159671875 0.24378125 0.029375000000000002 0.046203125
0 0.338140625 0.46020312499999994 0.029703125000000004 0.065859375
0 0.542484375 0.624515625 0.030671874999999998 0.07696875
0 0.21862499999999999 0.05340625 0.02253125 0.035890624999999995
0 0.3435 0.015296874999999998 0.022296875 0.028015625
0 0.06890625 0.609375 0.046390625000000005 0.086296875
0 0.354984375 0.11737500000000001 0.022890625 0.03621875
0 0.307125 0.016921875 0.021328125 0.02753125
0 0.711421875 0.460453125 0.027640625000000002 0.07079687500000001
0 0.259515625 0.72803125 0.045109375 0.0989375
0 0.648921875 0.458984375 0.025468750000000002 0.068421875
0 0.43896875 0.621578125 0.034546875 0.08478125
0 0.21154687499999997 0.923828125 0.04821875 0.09790625
0 0.1953125 0.40112500000000006 0.035671875 0.05242187499999999
0 0.8784218750000001 0.637203125 0.042578125 0.08196875
0 0.48071875000000003 0.11126562499999999 0.019421874999999998 0.039484375
0 0.789546875 0.272953125 0.026109375 0.059421875
0 0.8545 0.466796875 0.03615625 0.06609374999999999
0 0.703125 0.025671875 0.0195 0.040531250000000005
0 0.11101562499999999 0.133546875 0.03371875 0.038109375
0 0.25025 0.24132812499999998 0.030046875 0.04453125
0 0.25146875 0.93359375 0.042171875 0.092828125
0 0.0780625 0.062109375 0.033078125 0.028546875
0 0.51465625 0.01184375 0.018234375 0.0236875
0 0.43896875 0.012328124999999999 0.01984375 0.024671875
0 0.013515625 0.609859375 0.027015624999999998 0.068546875
0 0.777828125 0.22643749999999999 0.025671875 0.044765624999999996
0 0.818359375 0.46314062500000003 0.03378125 0.06348437500000001
0 0.097046875 0.03265625 0.032718750000000005 0.027734375
0 0.157109375 0.0315625 0.026921875 0.029421874999999997
0 0.0305625 0.722171875 0.0485 0.0935
0 0.16540625 0.935546875 0.047515625 0.08196875
0 0.8364218749999999 0.633296875 0.03875 0.0888125
0 0.0174375 0.158328125 0.03359375 0.03353125
0 0.9545937500000001 0.465828125 0.03796875 0.06359375
0 0.11968749999999999 0.927734375 0.044765624999999996 0.09234375
0 0.399171875 0.95215625 0.038234375 0.08434375
0 0.009125 0.19409375 0.018125 0.032109375
0 0.048765625 0.10968750000000001 0.0350625 0.029421874999999997
0 0.5546875 0.011 0.016718749999999998 0.021984375
0 0.234734375 0.547359375 0.0505 0.057796875000000004
0 0.5415 0.9526406250000001 0.0304375 0.085390625
0 0.939453125 0.40112500000000006 0.034828125 0.052125
0 0.610359375 0.0701875 0.03753125 0.031671875
0 0.499515625 0.954109375 0.036625000000000005 0.083125
0 0.11395312500000002 0.010015625 0.030859375 0.0196875
0 0.72803125 0.72509375 0.034234375 0.08959375
0 0.9008749999999999 0.733890625 0.0675625 0.055609375
0 0.921875 0.857421875 0.066953125 0.06029687500000001
0 0.9145468749999999 0.7915 0.076421875 0.064515625
0 0.011546875 0.04025 0.023109374999999998 0.034546875
0 0.958984375 0.956890625 0.06671875000000001 0.08621875