0 0.41040625000000003 0.402828125 0.03278125 0.0625625
0 0.664546875 0.094171875 0.021234375 0.04459375
0 0.18346875 0.23315625 0.0270625 0.047515625
0 0.032171875 0.6123125 0.047703125 0.067328125
0 0.778328125 0.228265625 0.027328124999999998 0.047703125
0 0.098453125 0.61621875 0.041140625 0.0700625
0 0.020374999999999997 0.40893750000000006 0.04025 0.05625
0 0.337890625 0.11920312500000001 0.025421875 0.035671875
0 0.982421875 0.606453125 0.03515625 0.07434375
0 0.04525 0.2941875 0.028015625 0.05071875
0 0.739265625 0.095890625 0.020921875 0.043765625
0 0.21081249999999999 0.122125 0.029140624999999996 0.042078125
0 0.651859375 0.466796875 0.031609375 0.0674375
0 0.703125 0.276125 0.025124999999999998 0.05292187499999999
0 0.716796875 0.138671875 0.021015625 0.038453125
0 0.524421875 0.40014062499999997 0.0304375 0.058015625
0 0.23424999999999999 0.45971875000000006 0.0364375 0.06409375
0 0.312015625 0.286375 0.02784375 0.059203125
0 0.559578125 0.281984375 0.028015625 0.04959375
0 0.3779375 0.288328125 0.025859375 0.051765625
0 0.11164062500000001 0.128421875 0.025171875 0.044921875
0 0.203375 0.46314062500000003 0.0365625 0.069390625
0 0.87890625 0.6328125 0.040531250000000005 0.0833125
0 0.75 0.46654687499999997 0.030734375 0.07421875
0 0.44896874999999997 0.047093750000000004 0.0219375 0.033265625
0 0.12793749999999998 0.619140625 0.04178125 0.07453125000000001
0 0.46948437500000006 0.040921875 0.01990625 0.04025
0 0.46654687499999997 0.39721875 0.0280625 0.064390625
0 0.293953125 0.11840625 0.0288125 0.041375
0 0.555671875 0.45971875000000006 0.029203125000000003 0.065125
0 0.43432812500000006 0.112421875 0.021015625 0.044
0 0.306390625 0.019984375 0.0196875 0.030859375
0 0.8051718749999999 0.632328125 0.034937499999999996 0.094671875
0 0.42846875000000006 0.468265625 0.032234374999999996 0.06396874999999999
0 0.640625 0.034828125 0.0199375 0.03278125
0 0.4716875 0.619625 0.033015625 0.08209375
0 0.412109375 0.61571875 0.0315625 0.084046875
0 0.21081249999999999 0.296390625 0.034484375 0.047421875
0 0.50684375 0.10265625 0.022296875 0.042875
0 0.22778125 0.237796875 0.028765625 0.04940625
0 0.50634375 0.28246875 0.026109375 0.063234375
0 0.1485625 0.46654687499999997 0.043359375 0.061312500000000006
0 0.40014062499999997 0.04840625 0.02475 0.033203125
0 0.12346874999999999 0.45824999999999994 0.037390625 0.068421875
0 0.591796875 0.230953125 0.0245625 0.050421875000000005
0 0.353515625 0.400390625 0.037109375 0.056125
0 0.1171875 0.2944375 0.034765625 0.042328125
0 0.19165625 0.613765625 0.039125 0.076109375
0 0.018328125 0.46240625 0.03665625 0.064515625
0 0.173703125 0.40528125 0.04015625 0.0533125
0 0.65478125 0.611328125 0.03240625 0.090265625
0 0.46240625 0.46240625 0.03028125 0.069515625
0 0.70459375 0.02346875 0.02071875 0.04009375
0 0.9184531249999999 0.8046875 0.077390625 0.059328124999999995
0 0.49096875000000006 0.040828125 0.02084375 0.0388125
0 0.315671875 0.05109375000000001 0.024421875000000003 0.03228125
0 0.9399374999999999 0.411625 0.03534375 0.061640625000000004
0 0.042640625 0.465328125 0.03934375 0.056765625
0 0.01315625 0.609859375 0.026296874999999997 0.060765625000000004
0 0.334234375 0.6274375 0.03540625 0.072875
0 0.355953125 0.053796875 0.023328124999999998 0.032953125
0 0.4375 0.23523437500000002 0.026546874999999998 0.05571875
0 0.349359375 0.24071875 0.0305 0.057796875000000004
0 0.45996875 0.23742187499999998 0.0238125 0.0496875
0 0.48340625 0.281984375 0.026359375 0.05603125
0 0.091859375 0.167484375 0.034296875 0.04025
0 0.692875 0.138796875 0.022890625 0.035890624999999995
0 0.028968749999999998 0.72265625 0.054906250000000004 0.09271875
0 0.146484375 0.064875 0.028015625 0.03359375
0 0.379640625 0.11859375000000001 0.026109375 0.03753125
0 0.21618750000000003 0.16003125 0.027328124999999998 0.034937499999999996
0 0.3671875 0.01634375 0.021156249999999998 0.032109375
0 0.4868125 0.23156249999999998 0.02203125 0.047421875
0 0.238640625 0.05759375 0.023734375 0.0314375
0 0.16028125 0.033390625 0.02828125 0.029593750000000002
0 0.37084375 0.152953125 0.025124999999999998 0.04328125
0 0.04453125 0.2526875 0.034359375 0.04553125
0 0.1484375 0.12103124999999999 0.026968750000000003 0.05109375000000001
0 0.068296875 0.24743750000000003 0.034234375 0.046296875
0 0.06982812499999999 0.29296875 0.034296875 0.053796875
0 0.1744375 0.160765625 0.031796875 0.03396875
0 0.9047812499999999 0.735359375 0.07079687500000001 0.055421874999999995
0 0.194828125 0.0315625 0.027375 0.032468750000000005
0 0.2319375 0.024 0.021812500000000002 0.0364375
0 0.434078125 0.01621875 0.02175 0.0315625
0 0.9311562500000001 0.872078125 0.076421875 0.059328124999999995
0 0.323484375 0.019171874999999998 0.018375 0.03390625
0 0.248296875 0.022296875 0.024656249999999998 0.03628125
0 0.239875 0.16040625 0.031734374999999995 0.034999999999999996
0 0.092828125 0.037390625 0.034546875 0.0268125
0 0.45532812500000003 0.01590625 0.0205625 0.031078125
0 0.0548125 0.103765625 0.042640625 0.036828125
0 0.0676875 0.076421875 0.040015625 0.029640624999999997
0 0.557125 0.011375 0.020453125 0.022328124999999997
0 0.017249999999999998 0.1799375 0.034187499999999996 0.04690625
0 0.021234375 0.156609375 0.040015625 0.026765624999999998
0 0.34375 0.01678125 0.02190625 0.032109375
0 0.008765625 0.21349999999999997 0.01753125 0.031140624999999998
0 0.620125 0.009171875 0.018546874999999997 0.018328125
0 0.640140625 0.00878125 0.020796875 0.017374999999999998
0 0.10614062500000002 0.011828125 0.029140624999999996 0.022625
0 0.5415 0.951171875 0.028765625 0.090875