0 0.54315625 0.624421875 0.0376875 0.085640625
0 0.47435937499999997 0.62403125 0.030156250000000002 0.07921875
0 0.438484375 0.621578125 0.03278125 0.08154687499999999
0 0.508296875 0.625484375 0.02759375 0.07781249999999999
0 0.335453125 0.620609375 0.034703125 0.07575
0 0.300296875 0.620609375 0.03678125 0.0754375
0 0.521484375 0.45703125 0.027437499999999997 0.072390625
0 0.401375 0.62353125 0.03265625 0.072875
0 0.45678124999999997 0.45996875 0.030859375 0.072625
0 0.2210625 0.61865625 0.039484375 0.07585937499999999
0 0.25390625 0.620609375 0.0403125 0.0754375
0 0.5810625 0.457515625 0.025515624999999997 0.07520312500000001
0 0.066953125 0.609375 0.045015625 0.082703125
0 0.552734375 0.394046875 0.022203125 0.065125
0 0.5234375 0.3981875 0.024046875000000002 0.061312500000000006
0 0.67821875 0.39209375 0.027109375 0.072625
0 0.64696875 0.392828125 0.025953125 0.0755625
0 0.494140625 0.399421875 0.0260625 0.05696875
0 0.12346874999999999 0.61475 0.03934375 0.07684375
0 0.613765625 0.45629687499999994 0.023734375 0.07421875
0 0.338375 0.46068749999999997 0.0313125 0.06890625
0 0.76171875 0.095515625 0.02071875 0.04025
0 0.155640625 0.619625 0.045203125 0.07860937500000001
0 0.372078125 0.614265625 0.03259375 0.07275000000000001
0 0.586921875 0.39721875 0.022984375 0.050046875000000005
0 0.06281250000000001 0.45873437499999997 0.038390625 0.0701875
0 0.0376875 0.461921875 0.039421875 0.06915625
0 0.7109375 0.46068749999999997 0.02828125 0.0704375
0 0.81640625 0.020453125 0.0235625 0.037046875
0 0.17676562499999998 0.46020312499999994 0.036828125 0.06878125
0 0.587890625 0.28271875 0.021578125 0.048578125
0 0.0313125 0.6123125 0.045015625 0.06890625
0 0.840828125 0.017656250000000002 0.02409375 0.035328125
0 0.7944375 0.13121875 0.021484375 0.05109375000000001
0 0.18896875 0.61475 0.041140625 0.07825
0 0.735359375 0.09534375 0.018875 0.036890624999999996
0 0.25903125 0.730953125 0.046296875 0.097046875
0 0.20495312499999999 0.46240625 0.037390625 0.06928125
0 0.875 0.63525 0.038609375 0.076109375
0 0.559578125 0.28003125 0.02059375 0.05242187499999999
0 0.39453125 0.45996875 0.028375 0.0675625
0 0.061890625 0.72509375 0.052515624999999996 0.094484375
0 0.8706093750000001 0.255125 0.030046875 0.0614375
0 0.23315625 0.46215624999999994 0.03790625 0.067203125
0 0.147703125 0.45996875 0.03671875 0.0675625
0 0.81640625 0.2731875 0.02784375 0.058437499999999996
0 0.618171875 0.23071875 0.02059375 0.043609375
0 0.46459374999999997 0.39990625 0.025859375 0.053796875
0 0.416015625 0.54296875 0.027328124999999998 0.065984375
0 0.36596875 0.45824999999999994 0.029546875 0.0678125
0 0.75146875 0.025078125 0.020515625000000003 0.03796875
0 0.67040625 0.22559374999999998 0.025078125 0.0571875
0 0.293453125 0.46020312499999994 0.031140624999999998 0.067328125
0 0.019859375000000002 0.297359375 0.035734375 0.055515625
0 0.377203125 0.40551562499999994 0.03021875 0.051453125
0 0.2526875 0.39990625 0.031984374999999995 0.058437499999999996
0 0.278078125 0.399171875 0.031609375 0.057921875
0 0.703609375 0.024 0.017781250000000002 0.040828125
0 0.261234375 0.289546875 0.03125 0.056546874999999996
0 0.505859375 0.285890625 0.026703125 0.05500000000000001
0 0.668453125 0.136109375 0.021406249999999998 0.0496875
0 0.42748437499999997 0.282234375 0.024796875 0.055937499999999994
0 0.2631875 0.46068749999999997 0.034296875 0.065984375
0 0.682625 0.025515624999999997 0.019421874999999998 0.040531250000000005
0 0.388921875 0.23815624999999999 0.024390625 0.047328125
0 0.43628125000000006 0.40259375000000003 0.026000000000000002 0.052828125000000004
0 0.687984375 0.094671875 0.0199375 0.041078125
0 0.53271875 0.279046875 0.02175 0.05728124999999999
0 0.307375 0.400390625 0.029703125000000004 0.060515624999999997
0 0.234375 0.290046875 0.032718750000000005 0.057499999999999996
0 0.562984375 0.22742187500000002 0.019234375 0.045015625
0 0.5024375 0.33715625 0.04534375 0.042171875
0 0.774421875 0.021484375 0.01990625 0.041375
0 0.64453125 0.136234375 0.020499999999999997 0.04921875
0 0.58984375 0.23181250000000003 0.020921875 0.04459375
0 0.194828125 0.40478125 0.035953125 0.055109375
0 0.3515625 0.401375 0.03265625 0.05234375
0 0.06396874999999999 0.40112500000000006 0.035734375 0.053984374999999994
0 0.12250000000000001 0.45824999999999994 0.03753125 0.0674375
0 0.015203125000000001 0.4609375 0.030406250000000003 0.06621875
0 0.40771875 0.403328125 0.026765624999999998 0.05340625
0 0.016843749999999998 0.40599999999999997 0.033328125 0.055515625
0 0.093875 0.45824999999999994 0.040828125 0.0679375
0 0.090265625 0.3984375 0.034484375 0.055515625
0 0.47290625000000003 0.15209375 0.02109375 0.040984375
0 0.34765625 0.2421875 0.028968749999999998 0.04690625
0 0.23254687500000001 0.0834375 0.034484375 0.029546875
0 0.512203125 0.232671875 0.022078125 0.04434375
0 0.040531250000000005 0.404296875 0.03746875 0.051765625
0 0.664546875 0.098453125 0.019296874999999998 0.040375
0 0.18603125 0.288328125 0.031671875 0.055203125
0 0.9008749999999999 0.733890625 0.064390625 0.055515625
0 0.3671875 0.148921875 0.023859375 0.049312499999999995
0 0.22168749999999998 0.40650000000000003 0.036078125 0.05440625
0 0.11737500000000001 0.40112500000000006 0.03678125 0.052828125000000004
0 0.06878125 0.292234375 0.032109375 0.052125
0 0.53809375 0.23021875 0.0196875 0.04271875
0 0.012921875 0.720703125 0.025468750000000002 0.08692187500000001
0 0.091375 0.1640625 0.0260625 0.0456875
0 0.638671875 0.025859375 0.017109375 0.0419375
0 0.13646875 0.29053125 0.03253125 0.053796875
0 0.143671875 0.402828125 0.03753125 0.050421875000000005
0 0.321296875 0.23718750000000002 0.025796875000000004 0.046390625000000005
0 0.162359375 0.288578125 0.031203124999999998 0.05340625
0 0.712890625 0.095515625 0.016843749999999998 0.033203125
0 0.616703125 0.10107812499999999 0.018875 0.0365
0 0.37525 0.28759375 0.027734375 0.0548125
0 0.7265625 0.703125 0.027734375 0.0456875
0 0.20910937500000001 0.289796875 0.034484375 0.05645312500000001
0 0.453125 0.284421875 0.025374999999999998 0.05450000000000001
0 0.116578125 0.29028125 0.030625000000000003 0.051265625
0 0.24865624999999997 0.24206249999999999 0.02828125 0.040765625
0 0.401859375 0.286140625 0.027109375 0.053093749999999995
0 0.40478125 0.148921875 0.022671875 0.0456875
0 0.046484375 0.29271875 0.032890625 0.052828125000000004
0 0.641109375 0.098453125 0.01934375 0.03615625
0 0.47876562500000003 0.28759375 0.023609375 0.050234375
0 0.413578125 0.114375 0.023140625 0.038171875
0 0.9858437500000001 0.629890625 0.02828125 0.082703125
0 0.286859375 0.2890625 0.03021875 0.05696875
0 0.66259375 0.022468750000000003 0.016843749999999998 0.04146875
0 0.59278125 0.0936875 0.016718749999999998 0.036828125
0 0.0888125 0.2915 0.032109375 0.051765625
0 0.211421875 0.926765625 0.043609375 0.092828125
0 0.040375 0.2526875 0.03240625 0.0365625
0 0.018578125 0.157953125 0.03634375 0.033328125
0 0.46215624999999994 0.23021875 0.018875 0.051671875
0 0.296875 0.240484375 0.028875 0.04409375
0 0.156734375 0.24328124999999998 0.0263125 0.04046875
0 0.339109375 0.287109375 0.028703125000000003 0.05625
0 0.3098125 0.291015625 0.03028125 0.0548125
0 0.412109375 0.24010937499999999 0.024390625 0.043359375
0 0.047703125 0.10778125000000001 0.033328125 0.032171875
0 0.30053125 0.5444375 0.063109375 0.05371875
0 0.014953125000000001 0.176640625 0.029421874999999997 0.04015625
0 0.2734375 0.23718750000000002 0.0288125 0.047875
0 0.065734375 0.251703125 0.030796875 0.038109375
0 0.17809375 0.244140625 0.029703125000000004 0.04296875
0 0.028218749999999997 0.139765625 0.03615625 0.029421874999999997
0 0.13121875 0.244390625 0.03253125 0.042484375000000005
0 0.098078125 0.022796875 0.029921874999999997 0.0268125
0 0.10760937500000001 0.125125 0.023765625000000002 0.036828125
0 0.11315625 0.008640625 0.0314375 0.01678125
0 0.723640625 0.006828125 0.0195 0.0130625
0 0.922859375 0.8520468749999999 0.063359375 0.0531875
0 0.077390625 0.065734375 0.034609375 0.034765625
0 0.375 0.11878124999999999 0.023703125 0.037390625
0 0.202765625 0.24206249999999999 0.03021875 0.04025
0 0.06384375 0.084171875 0.032468750000000005 0.029546875
0 0.54296875 0.597171875 0.025468750000000002 0.0270625
0 0.922859375 0.339359375 0.03384375 0.06109375
0 0.79053125 0.00690625 0.018687500000000003 0.013171875
0 0.1286875 0.1613125 0.021734375 0.041515625
0 0.150078125 0.16034375 0.017859375 0.04315625
0 0.1704375 0.157609375 0.021484375 0.0460625
0 0.19215625 0.1545625 0.01946875 0.042359375
0 0.21379687500000003 0.15535937500000002 0.022093750000000002 0.0391875
0 0.23707812499999997 0.14959375 0.0231875 0.047984375
0 0.5211875 0.145140625 0.023484375 0.049062499999999995
0 0.459515625 0.108125 0.0200625 0.038296875
0 0.43529687499999997 0.107375 0.019078125 0.03021875
0 0.52478125 0.10398437499999999 0.020109375 0.03265625
0 0.501859375 0.107328125 0.017781250000000002 0.04065625
0 0.48039062499999996 0.11179687499999999 0.019625 0.0416875
0 0.571671875 0.139796875 0.015046875000000001 0.04496875
0 0.53225 0.033578125 0.016609375000000003 0.042125
0 0.55415625 0.03584375 0.01690625 0.040046874999999996
0 0.5740624999999999 0.03553125 0.0185 0.040765625
0 0.595078125 0.0323125 0.01834375 0.04221875
0 0.61828125 0.028640624999999996 0.017296875 0.045406249999999995
0 0.511421875 0.037953125 0.015796875 0.036375000000000005
0 0.49154687499999994 0.0401875 0.01559375 0.036875000000000005
0 0.470171875 0.040875 0.017656250000000002 0.038234375
0 0.44870312500000004 0.042499999999999996 0.01428125 0.03621875
0 0.42784374999999997 0.0448125 0.017374999999999998 0.03821875
0 0.39696875 0.0445 0.017578125 0.034953125
0 0.375546875 0.045453125 0.01953125 0.043437500000000004
0 0.355609375 0.0476875 0.017890625 0.040015625
0 0.3361875 0.0453125 0.01859375 0.041859375
0 0.29453125 0.04525 0.0209375 0.03778125
0 0.273671875 0.046796875 0.01878125 0.0395625
0 0.322890625 0.15132812499999998 0.022328124999999997 0.039046874999999995
0 0.29990625 0.150578125 0.01853125 0.050703125
0 0.27853125 0.14906250000000001 0.017953125 0.047671875
0 0.353046875 0.11174999999999999 0.021984375 0.032359375
0 0.33178125 0.116453125 0.017687500000000002 0.0351875