0 0.25928125 0.729 0.04578125 0.098578125
0 0.383796875 0.235109375 0.027328124999999998 0.0454375
0 0.505375 0.281 0.025421875 0.058140625
0 0.043359375 0.24890625000000002 0.033078125 0.0495
0 0.141359375 0.72265625 0.049046875000000004 0.091859375
0 0.7680625 0.63184375 0.03265625 0.08757812499999999
0 0.6123125 0.625484375 0.029593750000000002 0.079046875
0 0.6875 0.626953125 0.031375 0.08740624999999999
0 0.574703125 0.030156250000000002 0.01990625 0.038171875
0 0.78271875 0.46362500000000006 0.030921874999999998 0.07453125000000001
0 0.2788125 0.39696875 0.03353125 0.064515625
0 0.7890625 0.086296875 0.01971875 0.04428125
0 0.4038125 0.143796875 0.02446875 0.050046875000000005
0 0.49096875000000006 0.035609375 0.019125 0.0403125
0 0.380375 0.11395312500000002 0.02178125 0.0390625
0 0.535640625 0.282234375 0.023328124999999998 0.050328125
0 0.42943749999999997 0.282234375 0.0263125 0.05440625
0 0.8081093750000001 0.633796875 0.03409375 0.08990625
0 0.578125 0.620125 0.027109375 0.083125
0 0.426265625 0.04178125 0.019265625 0.0378125
0 0.2993125 0.73340625 0.03803125 0.07696875
0 0.271 0.114984375 0.025171875 0.031671875
0 0.027640625000000002 0.61621875 0.043703124999999995 0.069390625
0 0.42748437499999997 0.461421875 0.031734374999999995 0.07146875
0 0.774421875 0.0195625 0.018640625 0.037265625000000004
0 0.38159375 0.39575 0.02784375 0.06109375
0 0.4873125 0.45971875000000006 0.02615625 0.072390625
0 0.4716875 0.62403125 0.030671874999999998 0.07665625000000001
0 0.75 0.45971875000000006 0.02790625 0.072390625
0 0.44701562499999997 0.954109375 0.03378125 0.087890625
0 0.595703125 0.732421875 0.03384375 0.093015625
0 0.648921875 0.62646875 0.029640624999999997 0.078921875
0 0.4555625 0.28246875 0.023515625000000002 0.055515625
0 0.85546875 0.463875 0.03528125 0.074890625
0 0.67725 0.395265625 0.026500000000000003 0.056546874999999996
0 0.671390625 0.22509375 0.025468750000000002 0.05603125
0 0.061984375 0.610359375 0.04178125 0.0805
0 0.18359375 0.617671875 0.040375 0.073296875
0 0.727546875 0.630859375 0.03028125 0.077515625
0 0.525875 0.392328125 0.0288125 0.0674375
0 0.2529375 0.620125 0.038109375 0.074640625
0 0.307375 0.39990625 0.029249999999999998 0.06281250000000001
0 0.50684375 0.62403125 0.0315625 0.082390625
0 0.41089062500000006 0.40160937499999994 0.026359375 0.053500000000000006
0 0.15137499999999998 0.619625 0.042078125 0.07520312500000001
0 0.300296875 0.620609375 0.03615625 0.0754375
0 0.372078125 0.291265625 0.026921875 0.047703125
0 0.713375 0.45728125000000003 0.026546874999999998 0.070921875
0 0.649421875 0.45776562500000006 0.024609375 0.0703125
0 0.24975 0.9457968749999999 0.042390625 0.085390625
0 0.43529687499999997 0.62353125 0.030734375 0.074890625
0 0.544921875 0.621578125 0.027171875 0.084171875
0 0.148921875 0.45946875 0.0365625 0.068171875
0 0.5810625 0.45923437500000003 0.025171875 0.072390625
0 0.11676562500000001 0.9321249999999999 0.04409375 0.089484375
0 0.61621875 0.09503125 0.022421875 0.04534375
0 0.30859375 0.292484375 0.029140624999999996 0.056125
0 0.61621875 0.46020312499999994 0.0255625 0.072265625
0 0.8217812500000001 0.278328125 0.03028125 0.061984375
0 0.3671875 0.460453125 0.030921874999999998 0.07134375
0 0.43603125 0.23181250000000003 0.02475 0.054203125
0 0.33446875 0.619625 0.036890624999999996 0.072625
0 0.112421875 0.4086875 0.03528125 0.05109375000000001
0 0.14551562499999998 0.12378125 0.024656249999999998 0.039703125
0 0.024796875 0.724125 0.048125 0.090578125
0 0.745609375 0.132078125 0.023375 0.048953125
0 0.516609375 0.45923437500000003 0.024890625 0.06867187500000001
0 0.586921875 0.27759375 0.022796875 0.05242187499999999
0 0.22509375 0.11932812500000001 0.0298125 0.034187499999999996
0 0.26075 0.462890625 0.036984375 0.07159375
0 0.8432656250000001 0.630859375 0.038234375 0.09534375
0 0.232171875 0.46484375 0.0388125 0.068171875
0 0.70215625 0.274421875 0.023375 0.053984374999999994
0 0.261234375 0.28784375 0.029375000000000002 0.053015625
0 0.76171875 0.273921875 0.024703125 0.055609375
0 0.4399375 0.401859375 0.028109375 0.05234375
0 0.73340625 0.2736875 0.02475 0.058562499999999997
0 0.7475625 0.946296875 0.03528125 0.099484375
0 0.064640625 0.46167187500000006 0.038328125000000005 0.058437499999999996
0 0.5341875 0.0100625 0.01609375 0.01984375
0 0.72559375 0.226078125 0.0241875 0.045109375
0 0.543953125 0.9545937500000001 0.030796875 0.0861875
0 0.20764062499999997 0.12103124999999999 0.0268125 0.034875
0 0.09125 0.61475 0.042234375000000005 0.068421875
0 0.33471875 0.114203125 0.025796875000000004 0.042328125
0 0.22204687500000003 0.621578125 0.038109375 0.074765625
0 0.166265625 0.40234375 0.03403125 0.05890625000000001
0 0.06890625 0.292484375 0.03671875 0.053593749999999996
0 0.779296875 0.73340625 0.043125000000000004 0.083734375
0 0.348640625 0.40454687500000003 0.030109375 0.052125
0 0.187984375 0.28759375 0.034421875000000005 0.053984374999999994
0 0.065375 0.40478125 0.039421875 0.054296875
0 0.20153125 0.46167187500000006 0.035734375 0.06867187500000001
0 0.253421875 0.054203125 0.022890625 0.0378125
0 0.336671875 0.28515625 0.030375000000000003 0.056765625
0 0.257328125 0.15209375 0.025 0.043953124999999996
0 0.370125 0.621578125 0.034359375 0.073859375
0 0.555671875 0.009421875 0.016015625 0.018187500000000002
0 0.12042187499999998 0.61865625 0.04025 0.07134375
0 0.097234375 0.456546875 0.042328125 0.07653125
0 0.1565 0.030625000000000003 0.023140625 0.037265625000000004
0 0.33959375 0.461921875 0.032468750000000005 0.068421875
0 0.292234375 0.46068749999999997 0.03234375 0.07184375
0 0.018875 0.29175 0.03125 0.049953125
0 0.33446875 0.044187500000000005 0.022421875 0.0376875
0 0.40356249999999994 0.623046875 0.03384375 0.07665625000000001
0 0.194953125 0.40478125 0.037328125000000004 0.05440625
0 0.680671875 0.45434374999999994 0.0249375 0.066828125
0 0.500984375 0.9565468750000001 0.0378125 0.0833125
0 0.0378125 0.46557812500000006 0.039953125 0.05878124999999999
0 0.161375 0.285890625 0.030156250000000002 0.053015625
0 0.47803125 0.109125 0.020453125 0.03896875
0 0.015703125000000002 0.167359375 0.031421875 0.04428125
0 0.44800000000000006 0.042078125 0.020515625000000003 0.035734375
0 0.014328125 0.460453125 0.02865625 0.065
0 0.176390625 0.46020312499999994 0.035609375 0.0675625
0 0.04525 0.29271875 0.034234375 0.05090625
0 0.932625 0.8549843750000001 0.063359375 0.064875
0 0.16565625 0.12115625000000001 0.027484375 0.040765625
0 0.45703125 0.11065624999999998 0.02096875 0.038171875
0 0.088984375 0.24634375 0.03515625 0.0419375
0 0.038171875 0.12285937499999999 0.03753125 0.031796875
0 0.550296875 0.45996875 0.025328125 0.05890625000000001
0 0.21179687500000002 0.024281249999999997 0.022984375 0.03125
0 0.90234375 0.730953125 0.0753125 0.052515624999999996
0 0.24939062500000003 0.019421874999999998 0.02071875 0.035734375
0 0.312984375 0.11615625 0.023421875 0.037390625
0 0.1379375 0.40234375 0.037265625000000004 0.058015625
0 0.547359375 0.104859375 0.02021875 0.039703125
0 0.03796875 0.40307812500000006 0.038328125000000005 0.054296875
0 0.7006875 0.9609375 0.029140624999999996 0.07421875
0 0.26440625 0.019796875 0.021578125 0.032468750000000005
0 0.11084374999999999 0.16028125 0.031984374999999995 0.046546875
0 0.277828125 0.14953125 0.027375 0.043359375
0 0.45482812499999997 0.01278125 0.018640625 0.025546875000000004
0 0.015671875 0.40307812500000006 0.03134375 0.049312499999999995
0 0.40234375 0.2915 0.02521875 0.04271875
0 0.20007812500000002 0.05500000000000001 0.0260625 0.0378125
0 0.054203125 0.094484375 0.03521875 0.031078125
0 0.9174843750000001 0.7890625 0.083125 0.06281250000000001
0 0.134890625 0.2890625 0.02790625 0.053593749999999996
0 0.0704375 0.076421875 0.029921874999999997 0.0260625
0 0.275140625 0.046296875 0.025625 0.0403125
0 0.114203125 0.289796875 0.029375000000000002 0.055296875
0 0.73046875 0.73046875 0.036625000000000005 0.09618750000000001
0 0.3545 0.11164062500000001 0.028015625 0.041078125
0 0.950203125 0.946296875 0.06903125 0.081359375
0 0.47485937500000003 0.01234375 0.017374999999999998 0.0235625
0 0.125609375 0.129265625 0.024140625 0.032890625
0 0.16309374999999998 0.059328124999999995 0.025953125 0.035546875
0 0.0099375 0.064265625 0.019203124999999998 0.028218749999999997
0 0.1065 0.0099375 0.034187499999999996 0.018437500000000002
0 0.0090625 0.540046875 0.017781250000000002 0.052125
0 0.14428125 0.06348437500000001 0.02071875 0.028015625
0 0.19396875 0.02665625 0.022296875 0.030625000000000003
0 0.724609375 0.005515625 0.018515625 0.01065625
0 0.177375 0.028546875 0.0229375 0.031734374999999995
0 0.77490625 0.007421875 0.013953125 0.014859375