0 0.3671875 0.4585 0.03265625 0.069640625
0 0.47192187499999994 0.6225625 0.030109375 0.07709375
0 0.23340624999999998 0.46778125 0.039859375 0.05996875
0 0.371578125 0.613765625 0.033203125 0.07665625000000001
0 0.402828125 0.619140625 0.031796875 0.0808125
0 0.6123125 0.625 0.027734375 0.07146875
0 0.149171875 0.615234375 0.0416875 0.081359375
0 0.117984375 0.6123125 0.042234375000000005 0.0809375
0 0.48828125 0.463375 0.026500000000000003 0.072265625
0 0.5493125 0.45728125000000003 0.025124999999999998 0.070671875
0 0.74609375 0.463875 0.030328125 0.069953125
0 0.262703125 0.46410937499999994 0.036078125 0.059750000000000004
0 0.293953125 0.45873437499999997 0.034484375 0.066953125
0 0.40209374999999997 0.290046875 0.026765624999999998 0.055421874999999995
0 0.12273437499999999 0.45971875000000006 0.03753125 0.06085937500000001
0 0.400390625 0.46118750000000003 0.030859375 0.07134375
0 0.188359375 0.620125 0.03803125 0.075015625
0 0.613765625 0.45996875 0.024281249999999997 0.07195312499999999
0 0.06476562500000001 0.29321875 0.035890624999999995 0.04921875
0 0.76465625 0.629890625 0.033140625 0.079046875
0 0.40795312499999997 0.40160937499999994 0.028703125000000003 0.058234375000000005
0 0.09253125 0.46020312499999994 0.039281250000000004 0.057796875000000004
0 0.109125 0.162234375 0.031671875 0.04184375
0 0.76025 0.27465625 0.025953125 0.05834375000000001
0 0.28246875 0.399171875 0.036890624999999996 0.06231250000000001
0 0.30834375 0.40625 0.03409375 0.057921875
0 0.37475 0.290765625 0.027796875 0.0558125
0 0.42846875000000006 0.46314062500000003 0.032718750000000005 0.07585937499999999
0 0.093015625 0.2915 0.036828125 0.05071875
0 0.043703124999999995 0.29321875 0.03253125 0.0479375
0 0.03384375 0.610359375 0.042484375000000005 0.06804687499999999
0 0.732421875 0.273921875 0.027437499999999997 0.06109375
0 0.338375 0.46068749999999997 0.031796875 0.06659375
0 0.353765625 0.395515625 0.034609375 0.06371875
0 0.58984375 0.279296875 0.02790625 0.05440625
0 0.5810625 0.45923437500000003 0.024609375 0.068171875
0 0.80078125 0.63184375 0.03628125 0.08740624999999999
0 0.40599999999999997 0.1534375 0.027437499999999997 0.04453125
0 0.578125 0.623046875 0.026703125 0.0755625
0 0.254890625 0.620609375 0.039421875 0.07453125000000001
0 0.31225 0.28809375 0.031375 0.0546875
0 0.2163125 0.156375 0.028546875 0.041140625
0 0.300046875 0.62109375 0.0365625 0.07520312500000001
0 0.379640625 0.39721875 0.03028125 0.0624375
0 0.368890625 0.158453125 0.027375 0.040625
0 0.689453125 0.6274375 0.029484375 0.08465625
0 0.336421875 0.619625 0.034937499999999996 0.0754375
0 0.43090624999999994 0.2836875 0.030796875 0.055203125
0 0.542 0.625 0.028218749999999997 0.077203125
0 0.14075 0.288578125 0.034828125 0.05500000000000001
0 0.5185625 0.458015625 0.026859375 0.069640625
0 0.249265625 0.40064062500000003 0.032468750000000005 0.064875
0 0.50634375 0.622078125 0.030734375 0.08478125
0 0.20642187500000003 0.460453125 0.039859375 0.07184375
0 0.2211875 0.619625 0.039484375 0.074765625
0 0.33959375 0.287109375 0.0305 0.051453125
0 0.35521875 0.0483125 0.023953125 0.035828125
0 0.651859375 0.623046875 0.027171875 0.083625
0 0.437984375 0.620609375 0.03265625 0.08496875000000001
0 0.14942187499999998 0.458984375 0.038109375 0.06621875
0 0.61865625 0.279546875 0.02521875 0.056765625
0 0.711921875 0.460453125 0.026546874999999998 0.072625
0 0.13428125 0.160765625 0.035484375 0.042875
0 0.583984375 0.39428125 0.025265625000000003 0.063359375
0 0.17809375 0.458984375 0.04146875 0.0705625
0 0.1900625 0.15734375 0.0298125 0.042875
0 0.2575625 0.05234375 0.02178125 0.034875
0 0.0419375 0.461921875 0.03934375 0.06609374999999999
0 0.34765625 0.23937499999999998 0.03359375 0.04434375
0 0.724125 0.625 0.030953124999999998 0.092046875
0 0.6484375 0.45946875 0.0249375 0.068546875
0 0.259515625 0.729 0.046015625 0.09668750000000001
0 0.064390625 0.6123125 0.04328125 0.080625
0 0.02096875 0.2944375 0.0315 0.051359375
0 0.395265625 0.049140625 0.024234375 0.03390625
0 0.178828125 0.241828125 0.030109375 0.040531250000000005
0 0.42846875000000006 0.045109375 0.021812500000000002 0.036828125
0 0.322515625 0.24071875 0.028546875 0.047703125
0 0.8203125 0.277828125 0.029484375 0.059328124999999995
0 0.701171875 0.27709375 0.024656249999999998 0.053593749999999996
0 0.043609375 0.2524375 0.032046875 0.038906249999999996
0 0.481453125 0.2890625 0.028218749999999997 0.047234375
0 0.111453125 0.24890625000000002 0.031859375 0.04296875
0 0.817390625 0.46314062500000003 0.03353125 0.065125
0 0.091734375 0.24853125 0.032046875 0.040765625
0 0.06804687499999999 0.25121875 0.0313125 0.039796874999999995
0 0.8784218750000001 0.637703125 0.042812499999999996 0.082390625
0 0.296875 0.047796875 0.026203125 0.034484375
0 0.671390625 0.22595312500000003 0.027171875 0.056125
0 0.21240625 0.922859375 0.04559375 0.099796875
0 0.8539999999999999 0.46704687500000003 0.035890624999999995 0.06609374999999999
0 0.533203125 0.034546875 0.021984375 0.040921875
0 0.790046875 0.2736875 0.02665625 0.05865625
0 0.437984375 0.11474999999999999 0.029703125000000004 0.03615625
0 0.836921875 0.633796875 0.03796875 0.089484375
0 0.41431250000000003 0.11578124999999999 0.026265624999999997 0.036015625
0 0.3154375 0.05090625 0.023078124999999998 0.031734374999999995
0 0.677734375 0.45824999999999994 0.024796875 0.06982812499999999
0 0.523921875 0.3981875 0.024421875000000003 0.046625
0 0.528328125 0.10840625 0.025374999999999998 0.04015625
0 0.5961875 0.03234375 0.020421875 0.040531250000000005
0 0.146234375 0.12659375 0.030046875 0.03528125
0 0.48217187499999997 0.109125 0.027015624999999998 0.04025
0 0.641109375 0.029703125000000004 0.021234375 0.039953125
0 0.017796875 0.4609375 0.03559375 0.06609374999999999
0 0.380375 0.1171875 0.027218750000000003 0.04015625
0 0.23937499999999998 0.151609375 0.031609375 0.046484375
0 0.167484375 0.4038125 0.0364375 0.053890625000000004
0 0.199578125 0.057921875 0.03125 0.03934375
0 0.301265625 0.727046875 0.0378125 0.07653125
0 0.17565625 0.729 0.0479375 0.08154687499999999
0 0.590828125 0.22949999999999998 0.025468750000000002 0.05450000000000001
0 0.375484375 0.048125 0.02084375 0.03534375
0 0.145625 0.06409375 0.025374999999999998 0.03896875
0 0.22778125 0.12084375 0.02590625 0.035734375
0 0.676265625 0.39453125 0.028218749999999997 0.06476562500000001
0 0.3881875 0.23828125 0.03378125 0.04921875
0 0.446296875 0.9506875000000001 0.034703125 0.086
0 0.21007812499999998 0.119015625 0.025265625000000003 0.038171875
0 0.5078125 0.73046875 0.033015625 0.093203125
0 0.14478125 0.398921875 0.035671875 0.06118749999999999
0 0.06281250000000001 0.094171875 0.043703124999999995 0.04153125
0 0.09271875 0.167609375 0.02759375 0.040765625
0 0.19640625 0.40259375000000003 0.039953125 0.052609375
0 0.27759375 0.051000000000000004 0.022468750000000003 0.032468750000000005
0 0.158328125 0.24206249999999999 0.030328125 0.0403125
0 0.783203125 0.46240625 0.028437499999999998 0.068421875
0 0.061890625 0.40503125000000006 0.039640625 0.0496875
0 0.034703125 0.40503125000000006 0.039640625 0.048671874999999996
0 0.29540625 0.118171875 0.030671874999999998 0.034187499999999996
0 0.271484375 0.11878124999999999 0.026703125 0.035609375
0 0.337890625 0.11932812500000001 0.0315 0.037109375
0 0.49903125 0.955078125 0.042234375000000005 0.08478125
0 0.18871875 0.122921875 0.025046875000000003 0.038546875
0 0.194703125 0.02790625 0.033078125 0.029640624999999997
0 0.0129375 0.610359375 0.025875 0.06621875
0 0.16809375 0.12432812499999998 0.0245625 0.03790625
0 0.092046875 0.40503125000000006 0.042812499999999996 0.054296875
0 0.477546875 0.013343749999999998 0.02284375 0.026687499999999996
0 0.2890625 0.017640625 0.025515624999999997 0.03125
0 0.250984375 0.9340781249999999 0.0419375 0.09271875
0 0.029703125000000004 0.72021875 0.05071875 0.090578125
0 0.344 0.0190625 0.025374999999999998 0.0315625
0 0.9233437500000001 0.33959375 0.031921875 0.05071875
0 0.1643125 0.06085937500000001 0.025171875 0.037390625
0 0.20165625 0.241703125 0.03678125 0.040531250000000005
0 0.44067187499999994 0.013515625 0.0249375 0.02703125
0 0.516109375 0.01178125 0.021328125 0.023421875
0 0.166375 0.9360312499999999 0.046546875 0.082828125
0 0.015671875 0.406734375 0.031140624999999998 0.052703124999999997
0 0.401375 0.0174375 0.02615625 0.03359375
0 0.115359375 0.130859375 0.042328125 0.033140625
0 0.11859375000000001 0.9252968750000001 0.040984375 0.08757812499999999
0 0.307125 0.019171874999999998 0.027437499999999997 0.029640624999999997
0 0.23424999999999999 0.024703125 0.0268125 0.035953125
0 0.542484375 0.954109375 0.0298125 0.085078125
0 0.26075 0.022078125 0.023078124999999998 0.029984375
0 0.594234375 0.10303124999999999 0.0219375 0.038234375
0 0.700203125 0.9585000000000001 0.030156250000000002 0.07946875
0 0.55371875 0.01065625 0.024609375 0.020796875
0 0.9702187500000001 0.5390625 0.0390625 0.06096875
0 0.79540625 0.02390625 0.021328125 0.038390625
0 0.939453125 0.40307812500000006 0.033390625 0.054296875
0 0.081359375 0.06021875 0.040531250000000005 0.032953125
0 0.2526875 0.240234375 0.033328125 0.041078125
0 0.383296875 0.018578125 0.025468750000000002 0.03396875
0 0.745125 0.942390625 0.036828125 0.107421875
0 0.0189375 0.041140625 0.035546875 0.031984374999999995
0 0.100703125 0.020765625 0.034484375 0.031984374999999995
0 0.022078125 0.166625 0.044 0.0479375
0 0.72803125 0.72559375 0.033390625 0.08728125
0 0.533203125 0.01121875 0.018765625 0.0224375
0 0.17553125 0.029140624999999996 0.028968749999999998 0.031140624999999998
0 0.9526406250000001 0.465828125 0.034484375 0.06085937500000001
0 0.901375 0.733890625 0.067078125 0.05645312500000001
0 0.72559375 0.0063125 0.02096875 0.012484375
0 0.9125937499999999 0.7890625 0.07171875 0.06371875
0 0.155640625 0.028484375 0.023953125 0.029203125000000003
0 0.9223593749999999 0.8588906250000001 0.065375 0.059546875
0 0.009156250000000001 0.215328125 0.017640625 0.028484375
0 0.95996875 0.953125 0.065734375 0.077390625
0 0.91015625 0.2941875 0.031078125 0.0416875
0 0.7915 0.0064843750000000006 0.021281249999999998 0.012296875