0 0.8553906250000001 0.46328125 0.03715625 0.075875
0 0.8217812500000001 0.276125 0.02859375 0.063359375
0 0.732421875 0.2736875 0.024703125 0.059109375
0 0.75 0.46020312499999994 0.027265624999999998 0.07171875
0 0.8081093750000001 0.6328125 0.035734375 0.08959375
0 0.729984375 0.6328125 0.031140624999999998 0.085078125
0 0.586921875 0.27734375 0.022671875 0.05371875
0 0.745609375 0.131953125 0.0231875 0.04715625
0 0.762203125 0.2734375 0.024656249999999998 0.05571875
0 0.648921875 0.625484375 0.029031249999999998 0.078484375
0 0.715828125 0.458984375 0.025718750000000002 0.071234375
0 0.6904375 0.732421875 0.031140624999999998 0.092828125
0 0.26025 0.7319375 0.046296875 0.09484375
0 0.671390625 0.22643749999999999 0.0255625 0.053890625000000004
0 0.67725 0.3984375 0.0270625 0.06348437500000001
0 0.5444375 0.6225625 0.029375000000000002 0.085078125
0 0.778328125 0.733890625 0.0406875 0.080078125
0 0.792 0.2731875 0.027015624999999998 0.060640625000000004
0 0.789546875 0.0861875 0.019171874999999998 0.043515625
0 0.581546875 0.4585 0.026203125 0.0730625
0 0.299078125 0.946296875 0.04428125 0.090265625
0 0.51709375 0.458984375 0.02590625 0.06878125
0 0.818359375 0.46167187500000006 0.033015625 0.06384375
0 0.525875 0.39209375 0.028171875000000002 0.067328125
0 0.177375 0.729984375 0.046718749999999996 0.079046875
0 0.683109375 0.46606249999999994 0.026359375 0.06525
0 0.447265625 0.9526406250000001 0.034609375 0.08820312500000001
0 0.53759375 0.23254687500000001 0.0235625 0.048953125
0 0.140625 0.72265625 0.04715625 0.092828125
0 0.774421875 0.0193125 0.018578125 0.038625
0 0.40356249999999994 0.286625 0.027484375 0.051171875
0 0.8432656250000001 0.630859375 0.03753125 0.094359375
0 0.78759375 0.4609375 0.028968749999999998 0.071234375
0 0.536140625 0.281984375 0.023734375 0.05090625
0 0.49731249999999994 0.38965625 0.027796875 0.066953125
0 0.43579687500000003 0.23351562499999998 0.023765625000000002 0.05234375
0 0.45776562500000006 0.461421875 0.0288125 0.069640625
0 0.25025 0.9448281250000001 0.042328125 0.085265625
0 0.367671875 0.624515625 0.03240625 0.071234375
0 0.55078125 0.46118750000000003 0.0245625 0.056125
0 0.45532812500000003 0.282234375 0.025078125 0.056125
0 0.44018750000000006 0.39990625 0.028484375 0.053796875
0 0.684078125 0.020984375 0.019609375000000002 0.04196875
0 0.250984375 0.625 0.03678125 0.072078125
0 0.2993125 0.733890625 0.03790625 0.07764062499999999
0 0.76415625 0.09271875 0.022890625 0.035609375
0 0.30884375 0.29053125 0.028703125000000003 0.056125
0 0.348875 0.402828125 0.030671874999999998 0.051671875
0 0.73046875 0.727546875 0.035609375 0.090765625
0 0.11737500000000001 0.9311562500000001 0.04328125 0.08820312500000001
0 0.5966875 0.732421875 0.034296875 0.09503125
0 0.61621875 0.45996875 0.02590625 0.070921875
0 0.23107812499999997 0.46484375 0.03896875 0.06804687499999999
0 0.150515625 0.619625 0.040828125 0.068421875
0 0.490234375 0.45824999999999994 0.027484375 0.0701875
0 0.6123125 0.625 0.030953124999999998 0.0780625
0 0.5649375 0.047421875 0.019765625000000002 0.04046875
0 0.2605 0.28809375 0.0315 0.052609375
0 0.42748437499999997 0.4609375 0.030625000000000003 0.07146875
0 0.661140625 0.022375 0.019203124999999998 0.044437500000000005
0 0.016234375000000002 0.46118750000000003 0.032453125 0.06118749999999999
0 0.373046875 0.290046875 0.027109375 0.04921875
0 0.08990625 0.61475 0.04409375 0.070921875
0 0.486328125 0.23278125 0.023703125 0.049312499999999995
0 0.49974999999999997 0.9560625 0.037109375 0.084046875
0 0.340578125 0.461421875 0.03359375 0.065484375
0 0.02790625 0.61571875 0.04428125 0.069953125
0 0.300296875 0.620609375 0.036078125 0.07585937499999999
0 0.018828125 0.292234375 0.033140625 0.05059375000000001
0 0.29271875 0.46068749999999997 0.03371875 0.070671875
0 0.54296875 0.9545937500000001 0.03028125 0.085578125
0 0.6875 0.626953125 0.031375 0.08728125
0 0.7475625 0.946296875 0.035671875 0.099671875
0 0.33496875 0.620609375 0.037328125000000004 0.073421875
0 0.47143750000000006 0.62403125 0.030671874999999998 0.0755625
0 0.25025 0.397703125 0.033203125 0.057796875000000004
0 0.505859375 0.280515625 0.0245625 0.05625
0 0.4038125 0.623046875 0.033078125 0.07696875
0 0.382328125 0.396484375 0.027687499999999997 0.060765625000000004
0 0.0378125 0.466796875 0.039703125 0.05625
0 0.64990625 0.461921875 0.02790625 0.068171875
0 0.21398437499999998 0.1565 0.027109375 0.03678125
0 0.33178125 0.2054375 0.025 0.036828125
0 0.4375 0.6225625 0.03396875 0.081671875
0 0.06118749999999999 0.61084375 0.044187500000000005 0.081671875
0 0.12096875 0.61865625 0.04046875 0.07079687500000001
0 0.38428125 0.236578125 0.027640625000000002 0.046203125
0 0.53271875 0.032468750000000005 0.018265625 0.03896875
0 0.72559375 0.2268125 0.02446875 0.044859375
0 0.7006875 0.961921875 0.028968749999999998 0.075015625
0 0.2605 0.46264062499999997 0.036984375 0.07146875
0 0.028375 0.140015625 0.03803125 0.031796875
0 0.1221875 0.45971875000000006 0.03875 0.064265625
0 0.19421875 0.40356249999999994 0.03775 0.053500000000000006
0 0.410640625 0.40259375000000003 0.0260625 0.052515624999999996
0 0.21862499999999999 0.619140625 0.042234375000000005 0.0754375
0 0.9331093750000001 0.8579062499999999 0.065125 0.064203125
0 0.2785625 0.39696875 0.03278125 0.0625625
0 0.3569375 0.11376562500000001 0.024 0.039640625
0 0.30884375 0.39721875 0.028437499999999998 0.061312500000000006
0 0.20165625 0.46118750000000003 0.035953125 0.06928125
0 0.1850625 0.6171875 0.0406875 0.072265625
0 0.31225 0.111453125 0.02640625 0.0468125
0 0.370125 0.148796875 0.022984375 0.04453125
0 0.3361875 0.2836875 0.029203125000000003 0.057499999999999996
0 0.094671875 0.45678124999999997 0.042234375000000005 0.07585937499999999
0 0.043453124999999995 0.24523437499999998 0.031859375 0.04459375
0 0.349359375 0.2366875 0.028875 0.043515625
0 0.090578125 0.0364375 0.036625000000000005 0.028703125000000003
0 0.015421874999999998 0.0403125 0.029421874999999997 0.032171875
0 0.1536875 0.306390625 0.03278125 0.051937500000000004
0 0.40528125 0.14478125 0.02784375 0.049312499999999995
0 0.10796874999999999 0.08709375 0.02859375 0.034484375
0 0.065 0.463375 0.040015625 0.058015625
0 0.03615625 0.40259375000000003 0.04184375 0.05059375000000001
0 0.176265625 0.46020312499999994 0.036890624999999996 0.06915625
0 0.236578125 0.2888125 0.028968749999999998 0.046015625
0 0.9497031249999999 0.9477499999999999 0.066953125 0.0834375
0 0.1481875 0.458984375 0.03746875 0.06804687499999999
0 0.1848125 0.28809375 0.028218749999999997 0.050234375
0 0.546875 0.10578125000000001 0.0199375 0.038328125000000005
0 0.012578125 0.173578125 0.02484375 0.03403125
0 0.49121875 0.0364375 0.019375 0.03934375
0 0.21106250000000001 0.286625 0.03021875 0.04921875
0 0.01578125 0.40551562499999994 0.0315625 0.047328125
0 0.166265625 0.353515625 0.047234375 0.034937499999999996
0 0.9047812499999999 0.735359375 0.0730625 0.059328124999999995
0 0.06867187500000001 0.29271875 0.03228125 0.0505
0 0.279046875 0.15246875 0.025515624999999997 0.03671875
0 0.178953125 0.241703125 0.031203124999999998 0.04146875
0 0.50146875 0.10796874999999999 0.020515625000000003 0.039546874999999995
0 0.9164999999999999 0.78759375 0.08434375 0.061984375
0 0.25928125 0.150140625 0.028875 0.04553125
0 0.046015625 0.292484375 0.032890625 0.050421875000000005
0 0.13928125 0.2888125 0.033390625 0.051265625
0 0.11164062500000001 0.40356249999999994 0.039125 0.0496875
0 0.166625 0.402828125 0.037046875 0.05632812499999999
0 0.091734375 0.29028125 0.030796875 0.050328125
0 0.140375 0.40356249999999994 0.036625000000000005 0.05184375
0 0.063359375 0.24817187500000001 0.03284375 0.03671875
0 0.048953125 0.10706249999999999 0.0388125 0.030625000000000003
0 0.11456249999999998 0.289546875 0.032718750000000005 0.055109375
0 0.05632812499999999 0.089296875 0.037390625 0.0298125
0 0.2893125 0.1171875 0.025171875 0.034875
0 0.088015625 0.164421875 0.029140624999999996 0.038703125
0 0.10595312500000001 0.128171875 0.028171875000000002 0.03390625
0 0.45728125000000003 0.11101562499999999 0.02271875 0.0378125
0 0.266359375 0.117984375 0.025078125 0.035609375
0 0.1536875 0.155890625 0.026859375 0.039484375
0 0.086796875 0.40454687500000003 0.036078125 0.047796875
0 0.414546875 0.11376562500000001 0.023109374999999998 0.037593749999999995
0 0.31396875 0.045875 0.022671875 0.0391875
0 0.47778124999999994 0.11046875 0.019453124999999998 0.037265625000000004
0 0.43432812500000006 0.1121875 0.0196875 0.035484375
0 0.33203125 0.044187500000000005 0.0229375 0.041078125
0 0.3779375 0.043125000000000004 0.02096875 0.03790625
0 0.44775 0.039953125 0.018484375 0.0388125
0 0.379890625 0.11065624999999998 0.0231875 0.034999999999999996
0 0.59765625 0.00809375 0.01634375 0.01615625
0 0.576171875 0.009484375 0.016718749999999998 0.018796874999999998
0 0.166015625 0.1223125 0.024390625 0.041234375000000004
0 0.15137499999999998 0.239015625 0.03028125 0.039546874999999995
0 0.0886875 0.2476875 0.0305 0.03803125
0 0.10895312500000001 0.162109375 0.0304375 0.042171875
0 0.512203125 0.010906250000000001 0.0174375 0.021578125
0 0.13 0.160890625 0.028968749999999998 0.041625
0 0.144171875 0.059750000000000004 0.024796875 0.035953125
0 0.111453125 0.24743750000000003 0.031015625 0.039281250000000004
0 0.185796875 0.122015625 0.0263125 0.034359375
0 0.5341875 0.009546875 0.01678125 0.019109375
0 0.24621875000000001 0.11395312500000002 0.025718750000000002 0.039125
0 0.42699999999999994 0.040015625 0.019765625000000002 0.038703125
0 0.25025 0.016984375 0.020374999999999997 0.03265625
0 0.286375 0.016015625 0.021703125 0.031984374999999995
0 0.12865625 0.238765625 0.0313125 0.040828125
0 0.20764062499999997 0.12115625000000001 0.026765624999999998 0.03403125
0 0.305671875 0.01578125 0.02346875 0.029484375
0 0.146 0.125859375 0.027218750000000003 0.034546875
0 0.341796875 0.014953125000000001 0.01890625 0.029890624999999997
0 0.36084375 0.01584375 0.01990625 0.0298125
0 0.3981875 0.042640625 0.021453125 0.0391875
0 0.491703125 0.011921875 0.01640625 0.0238125
0 0.253171875 0.051359375 0.023515625000000002 0.038234375
0 0.08178125 0.1953125 0.04184375 0.031203124999999998
0 0.4038125 0.012484375 0.0196875 0.0249375
0 0.12464062499999999 0.1276875 0.029375000000000002 0.0315
0 0.1534375 0.030671874999999998 0.02084375 0.025750000000000002
0 0.107421875 0.009453125 0.032234374999999996 0.018546874999999997
0 0.2631875 0.019421874999999998 0.021812500000000002 0.031375
0 0.234734375 0.051265625 0.021046875 0.038390625
0 0.43115625 0.012921875 0.016468749999999997 0.025265625000000003
0 0.097234375 0.0196875 0.031203124999999998 0.020171875