0 0.64209375 0.274171875 0.021328125 0.05965625
0 0.76025 0.29028125 0.025124999999999998 0.054296875
0 0.340328125 0.46167187500000006 0.033484375 0.07184375
0 0.37109375 0.46240625 0.03390625 0.071234375
0 0.650390625 0.463375 0.024515625 0.059421875
0 0.546390625 0.62403125 0.0268125 0.082828125
0 0.645515625 0.395015625 0.02475 0.06231250000000001
0 0.680171875 0.4609375 0.027375 0.071234375
0 0.61571875 0.39746875 0.024515625 0.058562499999999997
0 0.552734375 0.45923437500000003 0.026921875 0.073421875
0 0.555671875 0.39990625 0.025046875000000003 0.056859375000000004
0 0.617671875 0.618171875 0.02753125 0.086484375
0 0.508796875 0.62646875 0.030375000000000003 0.077515625
0 0.794921875 0.135375 0.023765625000000002 0.0479375
0 0.403328125 0.622078125 0.033328125 0.081359375
0 0.26465625 0.461921875 0.03678125 0.06609374999999999
0 0.71484375 0.46167187500000006 0.027171875 0.06867187500000001
0 0.585453125 0.46264062499999997 0.025328125 0.06659375
0 0.521484375 0.46020312499999994 0.027171875 0.07275000000000001
0 0.5805625 0.61865625 0.02665625 0.08757812499999999
0 0.58446875 0.400875 0.023734375 0.056546874999999996
0 0.67725 0.39428125 0.027734375 0.061984375
0 0.61621875 0.278328125 0.023109374999999998 0.06021875
0 0.704109375 0.278078125 0.023703125 0.05878124999999999
0 0.74121875 0.396234375 0.028109375 0.05890625000000001
0 0.22082812500000001 0.62109375 0.039546874999999995 0.0754375
0 0.508796875 0.281734375 0.02390625 0.05890625000000001
0 0.19128125 0.621578125 0.041375 0.073671875
0 0.642578125 0.22937500000000002 0.02365625 0.0496875
0 0.67334375 0.27759375 0.022984375 0.059421875
0 0.129265625 0.616703125 0.04321875 0.08209375
0 0.562015625 0.279046875 0.023234374999999998 0.0626875
0 0.43090624999999994 0.45946875 0.029546875 0.07146875
0 0.294921875 0.46459374999999997 0.036828125 0.061890625
0 0.49071875 0.4609375 0.028171875000000002 0.071046875
0 0.20678125 0.461421875 0.039125 0.06982812499999999
0 0.771 0.633296875 0.034187499999999996 0.084171875
0 0.1745625 0.464359375 0.042812499999999996 0.06890625
0 0.55078125 0.732421875 0.03028125 0.102484375
0 0.23156249999999998 0.461921875 0.03796875 0.06867187500000001
0 0.150640625 0.46020312499999994 0.040984375 0.07146875
0 0.614265625 0.46167187500000006 0.0249375 0.07134375
0 0.67040625 0.22559374999999998 0.0238125 0.051000000000000004
0 0.8090781249999999 0.22082812500000001 0.026765624999999998 0.05225
0 0.69921875 0.22949999999999998 0.022421875 0.04803125
0 0.690921875 0.1381875 0.021124999999999998 0.048125
0 0.716796875 0.1383125 0.02059375 0.045109375
0 0.78809375 0.27465625 0.0280625 0.06231250000000001
0 0.761234375 0.098078125 0.022203125 0.041078125
0 0.730953125 0.275140625 0.023375 0.056859375000000004
0 0.401375 0.28540625 0.02790625 0.05645312500000001
0 0.15771875 0.618171875 0.039859375 0.08178125
0 0.525390625 0.39965625 0.0260625 0.05834375000000001
0 0.80859375 0.095890625 0.023234374999999998 0.04328125
0 0.098578125 0.61571875 0.042640625 0.079890625
0 0.589359375 0.279046875 0.021328125 0.05500000000000001
0 0.43724999999999997 0.40259375000000003 0.02828125 0.053890625000000004
0 0.772953125 0.3930625 0.031375 0.06153125
0 0.74121875 0.13525 0.02284375 0.050046875000000005
0 0.455078125 0.285890625 0.025718750000000002 0.05728124999999999
0 0.47729687500000006 0.619140625 0.028437499999999998 0.08740624999999999
0 0.651859375 0.625984375 0.0305 0.08990625
0 0.307375 0.40625 0.03253125 0.05632812499999999
0 0.280515625 0.397703125 0.031140624999999998 0.053500000000000006
0 0.302734375 0.620609375 0.037390625 0.07781249999999999
0 0.352296875 0.4038125 0.031796875 0.053500000000000006
0 0.33715625 0.621578125 0.037390625 0.082703125
0 0.043703124999999995 0.46118750000000003 0.038906249999999996 0.069390625
0 0.40064062500000003 0.460453125 0.031140624999999998 0.069640625
0 0.098453125 0.458984375 0.040531250000000005 0.072078125
0 0.06878125 0.45946875 0.042015625 0.07453125000000001
0 0.03371875 0.613765625 0.040828125 0.074640625
0 0.728515625 0.628421875 0.033140625 0.08301562500000001
0 0.250484375 0.407234375 0.034875 0.052703124999999997
0 0.37134375 0.620609375 0.034999999999999996 0.08251562500000001
0 0.45923437500000003 0.458984375 0.029078125 0.071234375
0 0.667 0.136234375 0.021203125 0.052031249999999994
0 0.78028125 0.45996875 0.034296875 0.08228125
0 0.80859375 0.39209375 0.029875000000000002 0.061890625
0 0.44018750000000006 0.623046875 0.031984374999999995 0.07976562499999999
0 0.81934375 0.277828125 0.030953124999999998 0.0624375
0 0.4921875 0.392828125 0.02365625 0.05728124999999999
0 0.26146875 0.727546875 0.046296875 0.09753125
0 0.43042187500000006 0.285640625 0.0270625 0.053984374999999994
0 0.380859375 0.3981875 0.030046875 0.058984375
0 0.8823281250000001 0.633296875 0.0419375 0.078921875
0 0.69140625 0.6279375 0.033203125 0.0883125
0 0.37525 0.28809375 0.026703125 0.055296875
0 0.499515625 0.146734375 0.02284375 0.0483125
0 0.065375 0.612796875 0.04534375 0.082390625
0 0.590828125 0.230953125 0.02190625 0.043125000000000004
0 0.464359375 0.400390625 0.027640625000000002 0.05696875
0 0.021578125 0.296875 0.034609375 0.053890625000000004
0 0.01653125 0.469734375 0.03265625 0.06621875
0 0.40893750000000006 0.3981875 0.0288125 0.057921875
0 0.224609375 0.40698437500000006 0.036984375 0.051453125
0 0.039484375 0.40528125 0.035671875 0.06096875
0 0.747078125 0.46068749999999997 0.029984375 0.06476562500000001
0 0.254390625 0.623046875 0.0391875 0.07653125
0 0.80859375 0.63184375 0.034609375 0.08728125
0 0.140015625 0.40503125000000006 0.03803125 0.052515624999999996
0 0.515140625 0.23596875 0.02165625 0.041625
0 0.172359375 0.403328125 0.034875 0.05014062500000001
0 0.508296875 0.73290625 0.03409375 0.09503125
0 0.77978125 0.204828125 0.026359375 0.03775
0 0.1953125 0.40528125 0.034828125 0.05059375000000001
0 0.8178750000000001 0.460453125 0.031984374999999995 0.074640625
0 0.711921875 0.39746875 0.026359375 0.060640625000000004
0 0.9370156250000001 0.392328125 0.035484375 0.063046875
0 0.753421875 0.22546875000000002 0.02521875 0.047093750000000004
0 0.706546875 0.025265625000000003 0.0196875 0.046546875
0 0.21375000000000002 0.9223593749999999 0.04296875 0.09618750000000001
0 0.728515625 0.02521875 0.021328125 0.046718749999999996
0 0.749515625 0.023140625 0.021046875 0.043359375
0 0.065375 0.40478125 0.039484375 0.053593749999999996
0 0.100703125 0.732421875 0.049140625 0.08709375
0 0.595703125 0.731453125 0.033390625 0.09503125
0 0.145140625 0.723640625 0.047515625 0.09271875
0 0.792484375 0.02365625 0.022578124999999998 0.04321875
0 0.8159218750000001 0.021328125 0.0241875 0.040921875
0 0.727046875 0.22082812500000001 0.022625 0.050421875000000005
0 0.8393593750000001 0.02021875 0.0255625 0.04009375
0 0.301265625 0.729 0.036984375 0.07825
0 0.689453125 0.09875 0.020890625 0.035828125
0 0.56396875 0.232671875 0.021359375 0.042078125
0 0.047328125 0.294921875 0.0376875 0.05696875
0 0.8515625 0.46068749999999997 0.03378125 0.073671875
0 0.77246875 0.02178125 0.02271875 0.043125000000000004
0 0.844734375 0.633796875 0.040015625 0.08990625
0 0.778328125 0.73290625 0.04009375 0.08106250000000001
0 0.349359375 0.24109375000000002 0.02859375 0.045109375
0 0.015484375 0.41015625 0.030734375 0.05625
0 0.44434375 0.953125 0.033140625 0.086296875
0 0.118171875 0.391609375 0.03365625 0.04978125
0 0.712890625 0.098265625 0.021203125 0.035890624999999995
0 0.500984375 0.958015625 0.038234375 0.083734375
0 0.985578125 0.61475 0.02884375 0.07653125
0 0.014515624999999999 0.61571875 0.029015625 0.0753125
0 0.641609375 0.089484375 0.021484375 0.031796875
0 0.16114062499999998 0.93653125 0.04296875 0.07976562499999999
0 0.8422812499999999 0.39990625 0.030625000000000003 0.0546875
0 0.9516562499999999 0.46167187500000006 0.037046875 0.06609374999999999
0 0.3986875 0.953125 0.04146875 0.08496875000000001
0 0.727546875 0.727046875 0.0365625 0.09125
0 0.116328125 0.930671875 0.0416875 0.08820312500000001
0 0.78515625 0.094 0.02284375 0.03240625
0 0.251703125 0.943359375 0.044859375 0.086296875
0 0.013218750000000001 0.7216875 0.02640625 0.08959375
0 0.544921875 0.9536093749999999 0.030109375 0.085390625
0 0.70165625 0.958984375 0.032890625 0.074765625
0 0.043453124999999995 0.24865624999999997 0.034296875 0.034359375
0 0.750984375 0.9497031249999999 0.034999999999999996 0.095515625
0 0.010906250000000001 0.19824999999999998 0.020515625000000003 0.03875
0 0.9223593749999999 0.33471875 0.02975 0.06153125
0 0.899421875 0.733890625 0.065375 0.05996875
0 0.9702187500000001 0.52978125 0.040921875 0.07976562499999999
0 0.90528125 0.779296875 0.06029687500000001 0.0548125
0 0.9301718749999999 0.8530312500000001 0.081671875 0.068171875
0 0.062109375 0.093015625 0.0314375 0.0305625
0 0.953125 0.9404375 0.075015625 0.085078125
0 0.015015625 0.047515625 0.029140624999999996 0.043125000000000004
0 0.8637656249999999 0.12359374999999999 0.0130625 0.028937499999999998
0 0.0281890625 0.1249453125 0.0165859375 0.12478750000000001 0.012803125000000002 0.1400640625 0.023346875 0.1493578125 0.0401609375 0.15406875 0.049625 0.147771875 0.050203125 0.1372578125 0.0405453125 0.127925
0 0.05942499999999999 0.11884999999999998 0.041095312499999995 0.10842031249999999 0.022218750000000002 0.108621875 0.017695312499999998 0.11975625000000001 0.0237125 0.1266515625 0.0341140625 0.12685 0.049628125 0.13603749999999998 0.059359375000000006 0.1319328125
0 0.041140625 0.1660859375 0.0400484375 0.155015625 0.0214515625 0.1467921875 0.006609375000000001 0.14501250000000002 0.0012078125000000001 0.1566046875 0.0112546875 0.1634859375 0.024185937499999997 0.16834218750000002 0.0347625 0.1741125
0 0.0845671875 0.0845671875 0.0871703125 0.0749 0.071934375 0.06610625 0.058996875000000004 0.0673125 0.05213125 0.075678125 0.05213125 0.082921875 0.0636328125 0.07696562500000001 0.0721984375 0.0828046875 0.07978437499999999 0.089696875
0 0.1036140625 0.15161093750000001 0.0973125 0.1760671875 0.09286093749999999 0.1883921875 0.08257031249999999 0.187925 0.0739875 0.17902968749999998 0.0781828125 0.166015625 0.08542968749999999 0.148578125 0.0974328125 0.1460546875 0.10382499999999999 0.1521171875