0 0.688 0.6272968750000001 0.033640625 0.087015625
0 0.47095312500000003 0.623046875 0.032234374999999996 0.0754375
0 0.612796875 0.625484375 0.029546875 0.077203125
0 0.597171875 0.7319375 0.03365625 0.093875
0 0.185796875 0.618171875 0.04153125 0.073671875
0 0.578125 0.619625 0.02790625 0.0833125
0 0.650390625 0.46264062499999997 0.028109375 0.06804687499999999
0 0.299078125 0.733890625 0.03803125 0.077515625
0 0.141234375 0.72265625 0.047609374999999995 0.092046875
0 0.40356249999999994 0.144171875 0.026109375 0.05090625
0 0.505859375 0.280515625 0.02484375 0.056640625
0 0.062109375 0.61084375 0.043125000000000004 0.082390625
0 0.5444375 0.62109375 0.02753125 0.085578125
0 0.300046875 0.620609375 0.03634375 0.074890625
0 0.09503125 0.45728125000000003 0.042812499999999996 0.07665625000000001
0 0.250734375 0.625984375 0.0378125 0.072625
0 0.5805625 0.45923437500000003 0.025953125 0.0730625
0 0.80859375 0.633796875 0.03371875 0.08978125
0 0.8432656250000001 0.629890625 0.038453125 0.094484375
0 0.028703125000000003 0.61621875 0.0456875 0.0705625
0 0.33446875 0.619625 0.036890624999999996 0.07171875
0 0.4296875 0.281984375 0.025468750000000002 0.054203125
0 0.7890625 0.085578125 0.01990625 0.04428125
0 0.26075 0.462890625 0.036984375 0.07159375
0 0.7680625 0.6328125 0.03353125 0.089296875
0 0.818359375 0.46118750000000003 0.033078125 0.0626875
0 0.48657812500000003 0.45971875000000006 0.025750000000000002 0.072265625
0 0.774421875 0.01909375 0.018765625 0.038171875
0 0.278328125 0.39696875 0.032468750000000005 0.06231250000000001
0 0.25928125 0.732421875 0.045015625 0.09484375
0 0.24939062500000003 0.9453125 0.04184375 0.085078125
0 0.7475625 0.9467812500000001 0.036015625 0.10053125
0 0.40356249999999994 0.623046875 0.03371875 0.07825
0 0.45532812500000003 0.28271875 0.024 0.055296875
0 0.3981875 0.45678124999999997 0.030859375 0.0679375
0 0.648921875 0.625984375 0.029484375 0.07781249999999999
0 0.370359375 0.621578125 0.03409375 0.072515625
0 0.147828125 0.45971875000000006 0.03796875 0.06928125
0 0.42871875 0.46118750000000003 0.02784375 0.06982812499999999
0 0.683109375 0.46801562499999994 0.026500000000000003 0.063234375
0 0.536140625 0.282234375 0.02365625 0.05059375000000001
0 0.307625 0.398921875 0.028109375 0.0614375
0 0.258796875 0.15075 0.027265624999999998 0.0454375
0 0.67725 0.3984375 0.026859375 0.06359375
0 0.75 0.46068749999999997 0.029640624999999997 0.072875
0 0.38184375 0.395265625 0.027218750000000003 0.06109375
0 0.30834375 0.290765625 0.028171875000000002 0.056546874999999996
0 0.54296875 0.9545937500000001 0.029546875 0.085578125
0 0.45703125 0.46215624999999994 0.027218750000000003 0.069390625
0 0.49731249999999994 0.390375 0.027265624999999998 0.066953125
0 0.671390625 0.224609375 0.025124999999999998 0.053593749999999996
0 0.8549843750000001 0.46167187500000006 0.034187499999999996 0.074890625
0 0.385015625 0.234734375 0.026968750000000003 0.0456875
0 0.044 0.24621875000000001 0.03353125 0.046109375
0 0.689453125 0.73290625 0.030671874999999998 0.0936875
0 0.73340625 0.2736875 0.02434375 0.059203125
0 0.12115625000000001 0.619625 0.041078125 0.07195312499999999
0 0.44701562499999997 0.9526406250000001 0.03359375 0.0885
0 0.41089062500000006 0.401375 0.026968750000000003 0.052515624999999996
0 0.340328125 0.461921875 0.03365625 0.06621875
0 0.525875 0.39209375 0.02828125 0.066828125
0 0.51709375 0.45946875 0.025046875000000003 0.06982812499999999
0 0.745609375 0.1325625 0.024046875000000002 0.049140625
0 0.821296875 0.27734375 0.030625000000000003 0.0624375
0 0.20203125000000002 0.46167187500000006 0.035828125 0.06903125
0 0.730953125 0.728515625 0.036625000000000005 0.0936875
0 0.76171875 0.2734375 0.025515624999999997 0.056765625
0 0.43603125 0.232171875 0.023515625000000002 0.051765625
0 0.61621875 0.460453125 0.025859375 0.071234375
0 0.49121875 0.0315625 0.019765625000000002 0.046718749999999996
0 0.58740625 0.276859375 0.02328125 0.0533125
0 0.1169375 0.9311562500000001 0.042078125 0.088015625
0 0.372796875 0.29028125 0.027796875 0.04959375
0 0.305171875 0.01578125 0.022078125 0.030734375
0 0.17590625 0.46020312499999994 0.0365 0.068171875
0 0.292484375 0.46118750000000003 0.033390625 0.069640625
0 0.520015625 0.1430625 0.02190625 0.046015625
0 0.70215625 0.273921875 0.023703125 0.0548125
0 0.533203125 0.025953125 0.0200625 0.050234375
0 0.167484375 0.40209374999999997 0.035890624999999995 0.056640625
0 0.2368125 0.288578125 0.028015625 0.047421875
0 0.106328125 0.129640625 0.02865625 0.03621875
0 0.72559375 0.2263125 0.024140625 0.04534375
0 0.43432812500000006 0.11164062500000001 0.018828125 0.03671875
0 0.90528125 0.734859375 0.073296875 0.05878124999999999
0 0.7006875 0.961921875 0.028765625 0.076109375
0 0.20789062500000002 0.12145312500000001 0.028218749999999997 0.034703125
0 0.641109375 0.098265625 0.020890625 0.039640625
0 0.090390625 0.613765625 0.043359375 0.0705625
0 0.20934375 0.287359375 0.029140624999999996 0.0533125
0 0.2526875 0.052031249999999994 0.021359375 0.03934375
0 0.185546875 0.122921875 0.025328125 0.034703125
0 0.349125 0.402828125 0.031375 0.05292187499999999
0 0.44018750000000006 0.3984375 0.027218750000000003 0.056640625
0 0.404296875 0.012578125 0.019421874999999998 0.02515625
0 0.42651562500000006 0.04271875 0.018875 0.038453125
0 0.23156249999999998 0.463375 0.039546874999999995 0.06890625
0 0.5024375 0.10821875 0.020421875 0.039859375
0 0.261234375 0.28759375 0.0314375 0.052609375
0 0.250734375 0.397953125 0.033140625 0.05759375
0 0.116578125 0.2893125 0.0305625 0.054203125
0 0.660640625 0.021953125 0.018609375 0.043921875
0 0.1850625 0.288578125 0.028703125000000003 0.052031249999999994
0 0.065 0.46362500000000006 0.039421875 0.057921875
0 0.399171875 0.041625 0.022671875 0.039859375
0 0.21471874999999999 0.156125 0.027640625000000002 0.0378125
0 0.3359375 0.283203125 0.029375000000000002 0.057703125
0 0.547359375 0.10540624999999999 0.0195625 0.038109375
0 0.403328125 0.28540625 0.028015625 0.053093749999999995
0 0.165890625 0.12140625000000001 0.025265625000000003 0.042015625
0 0.3569375 0.11315625 0.024656249999999998 0.039484375
0 0.55078125 0.46020312499999994 0.025046875000000003 0.057796875000000004
0 0.456546875 0.11065624999999998 0.02203125 0.038171875
0 0.194953125 0.4038125 0.037593749999999995 0.054203125
0 0.7788125 0.73340625 0.0406875 0.0834375
0 0.057703125 0.08990625 0.03615625 0.028937499999999998
0 0.161984375 0.2888125 0.030328125 0.051937500000000004
0 0.47778124999999994 0.110296875 0.020453125 0.037593749999999995
0 0.334234375 0.043953124999999996 0.0225 0.039546874999999995
0 0.01890625 0.2915 0.03265625 0.050812500000000003
0 0.014203125 0.17346875 0.02840625 0.03228125
0 0.49974999999999997 0.9565468750000001 0.03678125 0.083859375
0 0.24695312500000002 0.11578124999999999 0.026203125 0.040921875
0 0.44825 0.040828125 0.0196875 0.038109375
0 0.09234375 0.23914062500000002 0.036078125 0.043515625
0 0.111453125 0.160640625 0.032171875 0.047703125
0 0.249640625 0.018375 0.02190625 0.035828125
0 0.349859375 0.237796875 0.03021875 0.04459375
0 0.016453125 0.4609375 0.03290625 0.06118749999999999
0 0.08740624999999999 0.40503125000000006 0.0350625 0.049312499999999995
0 0.11376562500000001 0.403328125 0.04015625 0.051453125
0 0.06371875 0.40528125 0.037328125000000004 0.05109375000000001
0 0.21276562499999999 0.0225 0.02175 0.030796875
0 0.021328125 0.010015625 0.032171875 0.01984375
0 0.0935 0.291015625 0.031984374999999995 0.049859375
0 0.2631875 0.019203124999999998 0.02165625 0.03228125
0 0.038906249999999996 0.465828125 0.04046875 0.057921875
0 0.9321249999999999 0.85546875 0.06634375 0.064515625
0 0.01834375 0.156125 0.031140624999999998 0.028015625
0 0.068296875 0.292484375 0.031796875 0.05014062500000001
0 0.10504687500000001 0.009859375 0.030375000000000003 0.01953125
0 0.275140625 0.046546875 0.027687499999999997 0.0390625
0 0.284421875 0.01621875 0.023765625000000002 0.032421875
0 0.046390625000000005 0.292484375 0.033265625 0.051171875
0 0.01584375 0.40528125 0.0316875 0.04959375
0 0.49193749999999997 0.012421875 0.0171875 0.02475
0 0.45532812500000003 0.0124375 0.0189375 0.024875
0 0.19824999999999998 0.05500000000000001 0.024390625 0.0365
0 0.1640625 0.050328125 0.02759375 0.049046875000000004
0 0.010421875 0.712890625 0.020828125 0.0754375
0 0.534671875 0.0091875 0.016921875 0.018265625
0 0.00996875 0.0558125 0.019453124999999998 0.03378125
0 0.12262500000000001 0.12890625 0.033078125 0.034296875
0 0.47435937499999997 0.012015625 0.01990625 0.023703125
0 0.917 0.7890625 0.08757812499999999 0.06609374999999999
0 0.19409375 0.027437499999999997 0.020515625000000003 0.03125
0 0.342046875 0.014734375 0.0196875 0.029140624999999996
0 0.015421874999999998 0.038171875 0.024796875 0.026000000000000002
0 0.9487343750000001 0.9477499999999999 0.06867187500000001 0.083734375
0 0.1744375 0.0288125 0.02165625 0.028484375