0 0.367671875 0.45873437499999997 0.0313125 0.06804687499999999
0 0.48901562500000006 0.46314062500000003 0.02640625 0.068421875
0 0.47290625000000003 0.622078125 0.030625000000000003 0.07764062499999999
0 0.234625 0.46778125 0.037593749999999995 0.06371875
0 0.37134375 0.613765625 0.034187499999999996 0.076109375
0 0.614265625 0.62353125 0.031140624999999998 0.078375
0 0.74609375 0.46215624999999994 0.030921874999999998 0.07396875
0 0.40503125000000006 0.619140625 0.033328125 0.0834375
0 0.09271875 0.29175 0.034765625 0.05109375000000001
0 0.46654687499999997 0.3981875 0.030328125 0.057921875
0 0.55078125 0.45703125 0.026359375 0.069953125
0 0.61475 0.45776562500000006 0.02615625 0.072515625
0 0.12365625 0.45971875000000006 0.0365 0.061890625
0 0.54296875 0.628421875 0.030375000000000003 0.075984375
0 0.094 0.46118750000000003 0.042484375000000005 0.06021875
0 0.580078125 0.625984375 0.029312500000000002 0.073546875
0 0.41284375000000006 0.397703125 0.032109375 0.05865625
0 0.10821875 0.161984375 0.029031249999999998 0.04409375
0 0.19128125 0.156375 0.027265624999999998 0.043765625
0 0.31225 0.403328125 0.034484375 0.059328124999999995
0 0.6904375 0.630375 0.03234375 0.0834375
0 0.520015625 0.45678124999999997 0.027375 0.07171875
0 0.758796875 0.274421875 0.0245625 0.058234375000000005
0 0.20606249999999998 0.46215624999999994 0.038328125000000005 0.06878125
0 0.43823437500000006 0.625 0.033390625 0.079890625
0 0.45873437499999997 0.45946875 0.03125 0.079046875
0 0.61621875 0.398921875 0.026453125 0.055937499999999994
0 0.26465625 0.46410937499999994 0.035953125 0.058984375
0 0.1900625 0.619140625 0.0378125 0.07421875
0 0.357171875 0.0456875 0.0229375 0.038109375
0 0.14965625 0.4585 0.03634375 0.065734375
0 0.33471875 0.622078125 0.03790625 0.06890625
0 0.254890625 0.623046875 0.043859375 0.07079687500000001
0 0.29590625 0.458984375 0.03634375 0.068421875
0 0.39696875 0.048125 0.02271875 0.037265625000000004
0 0.178953125 0.45996875 0.03896875 0.068421875
0 0.300296875 0.623046875 0.03896875 0.0703125
0 0.37525 0.29028125 0.030109375 0.055203125
0 0.034937499999999996 0.61084375 0.044 0.07275000000000001
0 0.043953124999999996 0.46215624999999994 0.038906249999999996 0.064265625
0 0.1486875 0.1590625 0.025046875000000003 0.0419375
0 0.0674375 0.250984375 0.034234375 0.043515625
0 0.653328125 0.626953125 0.029875000000000002 0.08446875000000001
0 0.042234375000000005 0.254390625 0.0315 0.042015625
0 0.17090624999999998 0.156984375 0.024890625 0.04178125
0 0.726078125 0.6279375 0.03409375 0.08990625
0 0.50634375 0.625484375 0.03228125 0.082390625
0 0.80078125 0.632328125 0.037328125000000004 0.09009375
0 0.12262500000000001 0.61475 0.040984375 0.078375
0 0.338625 0.45996875 0.031015625 0.066953125
0 0.547359375 0.14075 0.021984375 0.0456875
0 0.189328125 0.28809375 0.031921875 0.054906250000000004
0 0.526375 0.107421875 0.022109375 0.0416875
0 0.29565625 0.047 0.021859375 0.035953125
0 0.525390625 0.39990625 0.026921875 0.05109375000000001
0 0.141234375 0.289796875 0.03359375 0.052515624999999996
0 0.216796875 0.6225625 0.039125 0.07171875
0 0.853515625 0.46753125000000006 0.03634375 0.0679375
0 0.181890625 0.2421875 0.032234374999999996 0.042015625
0 0.21240625 0.9262656249999999 0.048859375 0.10504687500000001
0 0.40209374999999997 0.45946875 0.030921874999999998 0.0730625
0 0.8178750000000001 0.461921875 0.034999999999999996 0.06671875000000001
0 0.782234375 0.461921875 0.03240625 0.073671875
0 0.63965625 0.0288125 0.0195 0.041078125
0 0.237921875 0.288578125 0.030109375 0.052125
0 0.8779375 0.637703125 0.042234375000000005 0.083859375
0 0.11315625 0.24903124999999998 0.035734375 0.044765624999999996
0 0.8198281250000001 0.27759375 0.028546875 0.061312500000000006
0 0.08990625 0.247796875 0.031921875 0.04146875
0 0.247796875 0.11950000000000001 0.029703125000000004 0.035671875
0 0.326171875 0.240234375 0.028937499999999998 0.0468125
0 0.649421875 0.45824999999999994 0.026359375 0.0700625
0 0.532234375 0.03528125 0.02059375 0.040765625
0 0.25684375 0.0505 0.02215625 0.036625000000000005
0 0.67040625 0.22546875000000002 0.025468750000000002 0.05632812499999999
0 0.315921875 0.048578125 0.02215625 0.03359375
0 0.42846875000000006 0.045109375 0.021578125 0.03671875
0 0.208625 0.12 0.025 0.03934375
0 0.262203125 0.72803125 0.048578125 0.09771875
0 0.481453125 0.288578125 0.027953125000000002 0.047609374999999995
0 0.5961875 0.031734374999999995 0.019171874999999998 0.041078125
0 0.017906250000000002 0.45728125000000003 0.035828125 0.065859375
0 0.338875 0.286140625 0.027640625000000002 0.051000000000000004
0 0.160640625 0.059109375 0.02203125 0.037203125
0 0.15784375 0.24071875 0.027687499999999997 0.040765625
0 0.19434374999999998 0.057703125 0.02365625 0.040375
0 0.177859375 0.72803125 0.051546875000000006 0.08446875000000001
0 0.790046875 0.27465625 0.025750000000000002 0.058562499999999997
0 0.617671875 0.27978125 0.024046875000000002 0.05603125
0 0.40356249999999994 0.16175 0.02434375 0.045015625
0 0.31103125 0.28759375 0.0305 0.056765625
0 0.699703125 0.276125 0.024609375 0.055937499999999994
0 0.14684375 0.12525 0.026968750000000003 0.03409375
0 0.837890625 0.633796875 0.039421875 0.090578125
0 0.0703125 0.612796875 0.049312499999999995 0.0833125
0 0.2526875 0.9321249999999999 0.05059375000000001 0.099671875
0 0.307375 0.017249999999999998 0.022578124999999998 0.02859375
0 0.02409375 0.2941875 0.0364375 0.051937500000000004
0 0.16784375 0.404296875 0.035546875 0.04715625
0 0.955078125 0.466796875 0.034609375 0.06009375
0 0.38671875 0.24109375000000002 0.03240625 0.04690625
0 0.582515625 0.458984375 0.025953125 0.0703125
0 0.711421875 0.46068749999999997 0.029984375 0.072515625
0 0.19824999999999998 0.402828125 0.037328125000000004 0.04803125
0 0.04840625 0.108578125 0.036078125 0.028437499999999998
0 0.11859375000000001 0.9233437500000001 0.04153125 0.0856875
0 0.155890625 0.03628125 0.026203125 0.034765625
0 0.380375 0.117984375 0.02365625 0.03628125
0 0.22082812500000001 0.0531875 0.025421875 0.036984375
0 0.448734375 0.04321875 0.022578124999999998 0.03621875
0 0.188359375 0.12115625000000001 0.024421875000000003 0.03753125
0 0.032046875 0.7216875 0.05109375000000001 0.093015625
0 0.515140625 0.01159375 0.019375 0.023078124999999998
0 0.210453125 0.024796875 0.031671875 0.029640624999999997
0 0.180296875 0.05759375 0.021484375 0.0378125
0 0.255609375 0.021015625 0.024281249999999997 0.030156250000000002
0 0.38575 0.01771875 0.024421875000000003 0.03378125
0 0.294671875 0.118171875 0.025078125 0.03365625
0 0.093015625 0.4038125 0.03775 0.05450000000000001
0 0.3569375 0.11981250000000002 0.025265625000000003 0.032953125
0 0.012968750000000001 0.61084375 0.025859375 0.068171875
0 0.250484375 0.240484375 0.028875 0.042171875
0 0.704109375 0.0288125 0.019234375 0.034609375
0 0.923828125 0.338625 0.030328125 0.05109375000000001
0 0.542 0.9555624999999999 0.034187499999999996 0.08106250000000001
0 0.168453125 0.122921875 0.0238125 0.036890624999999996
0 0.440921875 0.013203125 0.024140625 0.026421875
0 0.164421875 0.9360312499999999 0.048125 0.086
0 0.47582812499999994 0.013078125 0.02084375 0.02615625
0 0.9829062499999999 0.61475 0.033265625 0.0861875
0 0.145390625 0.06396874999999999 0.02284375 0.034609375
0 0.1224375 0.128296875 0.031203124999999998 0.027218750000000003
0 0.018265625 0.17175 0.03240625 0.03528125
0 0.01771875 0.40478125 0.03528125 0.04940625
0 0.55371875 0.01053125 0.02084375 0.020765625
0 0.705078125 0.958015625 0.0378125 0.07965625
0 0.40234375 0.953125 0.048671874999999996 0.0856875
0 0.348875 0.016843749999999998 0.02071875 0.030734375
0 0.0674375 0.07653125 0.038609375 0.026203125
0 0.593265625 0.10265625 0.02009375 0.038328125000000005
0 0.794921875 0.021421875 0.02025 0.04284375
0 0.010671875 0.71875 0.021359375 0.086609375
0 0.009515625 0.0531875 0.01903125 0.041140625
0 0.9379843749999999 0.401859375 0.0350625 0.05625
0 0.50146875 0.954109375 0.041625 0.07976562499999999
0 0.230109375 0.12128125000000001 0.027484375 0.034234375
0 0.7295 0.728515625 0.038703125 0.09601562500000001
0 0.2785625 0.050328125 0.022984375 0.03353125
0 0.091734375 0.034703125 0.033078125 0.028109375
0 0.36084375 0.015546874999999998 0.023734375 0.030375000000000003
0 0.009453125 0.20446875000000003 0.01834375 0.04015625
0 0.5336875 0.01053125 0.017296875 0.021046875
0 0.3410625 0.047703125 0.0225 0.03540625
0 0.9028281249999999 0.734859375 0.06928125 0.059875
0 0.9155312500000001 0.792484375 0.07520312500000001 0.06371875
0 0.01609375 0.154046875 0.030859375 0.027796875
0 0.923828125 0.8598593749999999 0.07195312499999999 0.063046875
0 0.40064062500000003 0.017249999999999998 0.02640625 0.03353125
0 0.11065624999999998 0.010609375 0.027109375 0.020765625
0 0.724609375 0.00646875 0.019609375000000002 0.012625
0 0.961921875 0.9555624999999999 0.068546875 0.08209375
0 0.024281249999999997 0.033140625 0.02109375 0.02346875