0 0.058562499999999997 0.72509375 0.04959375 0.09753125
0 0.173578125 0.7265625 0.039796874999999995 0.09668750000000001
0 0.3779375 0.397953125 0.029375000000000002 0.06384375
0 0.78271875 0.463375 0.0315625 0.075015625
0 0.79053125 0.2734375 0.0245625 0.0571875
0 0.02359375 0.724609375 0.0471875 0.094671875
0 0.089484375 0.404296875 0.0388125 0.05571875
0 0.8159218750000001 0.46068749999999997 0.03384375 0.07575
0 0.1380625 0.723140625 0.04559375 0.093875
0 0.524421875 0.10578125000000001 0.022203125 0.039703125
0 0.349125 0.40478125 0.0315 0.0558125
0 0.09009375 0.613765625 0.042640625 0.07275000000000001
0 0.166875 0.40307812500000006 0.0365 0.05645312500000001
0 0.6123125 0.625484375 0.032046875 0.0780625
0 0.33446875 0.620125 0.037109375 0.073546875
0 0.64990625 0.626953125 0.029921874999999997 0.07934375
0 0.24890625000000002 0.23914062500000002 0.030625000000000003 0.0485
0 0.740234375 0.461921875 0.030921874999999998 0.077390625
0 0.039421875 0.40599999999999997 0.038703125 0.052515624999999996
0 0.321046875 0.238640625 0.0298125 0.0479375
0 0.45092187499999997 0.14551562499999998 0.023734375 0.048578125
0 0.61621875 0.46020312499999994 0.026203125 0.07434375
0 0.354984375 0.045015625 0.02346875 0.040625
0 0.064875 0.24903124999999998 0.034609375 0.0416875
0 0.267578125 0.0189375 0.0235625 0.03353125
0 0.4555625 0.281984375 0.02521875 0.055515625
0 0.526375 0.393796875 0.028546875 0.0700625
0 0.687984375 0.626953125 0.032718750000000005 0.089109375
0 0.507328125 0.625 0.034484375 0.085875
0 0.185296875 0.619140625 0.040828125 0.074765625
0 0.30053125 0.62109375 0.037328125000000004 0.076109375
0 0.732421875 0.2734375 0.023953125 0.06009375
0 0.3674375 0.46118750000000003 0.032718750000000005 0.0704375
0 0.47339062500000006 0.143671875 0.022375 0.04803125
0 0.16114062499999998 0.05759375 0.0241875 0.0390625
0 0.270265625 0.11554687500000001 0.025265625000000003 0.03359375
0 0.8842812500000001 0.63575 0.04428125 0.07860937500000001
0 0.536140625 0.28246875 0.0249375 0.05184375
0 0.253171875 0.620125 0.038546875 0.0754375
0 0.677734375 0.3981875 0.025796875000000004 0.06153125
0 0.0936875 0.45996875 0.038609375 0.06982812499999999
0 0.7085 0.021625 0.018515625 0.041375
0 0.671390625 0.22473437500000001 0.024515625 0.0558125
0 0.260015625 0.46264062499999997 0.035609375 0.072875
0 0.5810625 0.460453125 0.027015624999999998 0.0730625
0 0.146 0.12464062499999999 0.024703125 0.04009375
0 0.25146875 0.4038125 0.03628125 0.06029687500000001
0 0.0170625 0.4555625 0.034140625 0.070671875
0 0.76075 0.274171875 0.02434375 0.056765625
0 0.259515625 0.289546875 0.031921875 0.058140625
0 0.24890625000000002 0.9453125 0.04559375 0.08757812499999999
0 0.538578125 0.23376562500000003 0.022984375 0.044671875
0 0.61865625 0.098265625 0.02009375 0.045203125
0 0.1066875 0.13159375 0.03240625 0.0376875
0 0.025171875 0.2941875 0.03671875 0.055203125
0 0.70215625 0.274171875 0.023234374999999998 0.057499999999999996
0 0.645515625 0.39746875 0.02615625 0.055609375
0 0.294671875 0.46167187500000006 0.03278125 0.0730625
0 0.05603125 0.08990625 0.0365625 0.030734375
0 0.2580625 0.149171875 0.027953125000000002 0.047875
0 0.166140625 0.119390625 0.025171875 0.042812499999999996
0 0.532234375 0.027437499999999997 0.021203125 0.050046875000000005
0 0.745125 0.132328125 0.022796875 0.050046875000000005
0 0.523921875 0.1405 0.021203125 0.042875
0 0.11840625 0.9331093750000001 0.047093750000000004 0.091859375
0 0.649421875 0.45776562500000006 0.025265625000000003 0.073671875
0 0.72509375 0.22717187499999997 0.024515625 0.047093750000000004
0 0.17821875 0.24206249999999999 0.031015625 0.043703124999999995
0 0.664546875 0.09234375 0.0225 0.050328125
0 0.22937500000000002 0.0238125 0.0235625 0.031796875
0 0.155765625 0.24340625 0.030953124999999998 0.044765624999999996
0 0.089484375 0.033140625 0.039421875 0.027796875
0 0.48657812500000003 0.234625 0.025515624999999997 0.04409375
0 0.40307812500000006 0.6225625 0.034828125 0.081234375
0 0.727546875 0.021234375 0.019171874999999998 0.040984375
0 0.12067187500000001 0.619140625 0.0403125 0.072625
0 0.223015625 0.620609375 0.039484375 0.075984375
0 0.279046875 0.15125 0.025078125 0.04559375
0 0.411625 0.11517187499999999 0.02365625 0.04178125
0 0.04146875 0.25 0.03278125 0.0390625
0 0.24890625000000002 0.11754687500000001 0.02284375 0.0419375
0 0.680171875 0.456546875 0.026203125 0.0703125
0 0.470703125 0.03240625 0.02346875 0.04978125
0 0.494140625 0.01171875 0.019203124999999998 0.023421875
0 0.491703125 0.03934375 0.020421875 0.03540625
0 0.199578125 0.054296875 0.025124999999999998 0.038234375
0 0.301265625 0.148921875 0.0225 0.04553125
0 0.228265625 0.118171875 0.022796875 0.041234375000000004
0 0.204828125 0.11962500000000001 0.02303125 0.040984375
0 0.33959375 0.46068749999999997 0.032953125 0.068421875
0 0.180546875 0.057374999999999995 0.023234374999999998 0.03753125
0 0.9301718749999999 0.8623125 0.076109375 0.06928125
0 0.915046875 0.792 0.08820312500000001 0.06384375
0 0.901375 0.73290625 0.07520312500000001 0.056859375000000004
0 0.664546875 0.026703125 0.018765625 0.03540625
0 0.29809375 0.047515625 0.021203125 0.031015625
0 0.1639375 0.2890625 0.031984374999999995 0.04690625
0 0.03775 0.1224375 0.037328125000000004 0.033140625
0 0.54296875 0.9560625 0.032890625 0.084046875
0 0.40259375000000003 0.015609375 0.02215625 0.030953124999999998
0 0.474125 0.011375 0.020171875 0.022734375
0 0.70215625 0.9614218749999999 0.03390625 0.07653125
0 0.14440625 0.062109375 0.020765625 0.030859375
0 0.009671875 0.063359375 0.018265625 0.026546874999999998
0 0.10578125000000001 0.0098125 0.036078125 0.018828125
0 0.616703125 0.007671875 0.01621875 0.014953125000000001
0 0.728515625 0.72803125 0.035546875 0.09221875
0 0.7475625 0.006640625 0.017640625 0.012828125000000001
0 0.00709375 0.192875 0.013953125 0.032046875