0 0.7788125 0.22864062500000001 0.028968749999999998 0.05090625
0 0.58496875 0.46118750000000003 0.026109375 0.063359375
0 0.61475 0.3986875 0.027328124999999998 0.063234375
0 0.665046875 0.094671875 0.020296875 0.046296875
0 0.5546875 0.398921875 0.024421875000000003 0.06029687500000001
0 0.41015625 0.404296875 0.029249999999999998 0.06281250000000001
0 0.46948437500000006 0.041078125 0.020921875 0.040625
0 0.30321875 0.154546875 0.025421875 0.04559375
0 0.675296875 0.3986875 0.02790625 0.061765625000000005
0 0.703125 0.276375 0.025124999999999998 0.053500000000000006
0 0.1585625 0.621578125 0.04046875 0.07146875
0 0.161859375 0.2915 0.030921874999999998 0.05371875
0 0.338375 0.1199375 0.023734375 0.035953125
0 0.743171875 0.3984375 0.03021875 0.06109375
0 0.77246875 0.392328125 0.031078125 0.06671875000000001
0 0.6743125 0.27759375 0.023515625000000002 0.0531875
0 0.182375 0.235109375 0.024390625 0.049953125
0 0.7163125 0.139890625 0.0219375 0.040984375
0 0.763671875 0.097046875 0.024046875000000002 0.0391875
0 0.554203125 0.45971875000000006 0.026359375 0.068171875
0 0.371578125 0.15209375 0.023609375 0.043859375
0 0.524421875 0.40112500000000006 0.026765624999999998 0.054593749999999996
0 0.70996875 0.400875 0.029421874999999997 0.06021875
0 0.559578125 0.283203125 0.026859375 0.0533125
0 0.805671875 0.6328125 0.037046875 0.09740625
0 0.61865625 0.630375 0.028968749999999998 0.080625
0 0.12793749999999998 0.620125 0.041140625 0.0809375
0 0.692390625 0.1380625 0.021406249999999998 0.0403125
0 0.645015625 0.278328125 0.024656249999999998 0.056640625
0 0.692390625 0.09618750000000001 0.020171875 0.04459375
0 0.3046875 0.620125 0.0378125 0.07585937499999999
0 0.739265625 0.09601562500000001 0.02178125 0.04453125
0 0.040531250000000005 0.125734375 0.040828125 0.028937499999999998
0 0.794921875 0.1380625 0.0260625 0.051937500000000004
0 0.5234375 0.45971875000000006 0.027109375 0.073671875
0 0.8779375 0.634765625 0.038234375 0.086484375
0 0.8090781249999999 0.22521874999999997 0.026546874999999998 0.05965625
0 0.640625 0.034875 0.020421875 0.032953125
0 0.336921875 0.6274375 0.037109375 0.07946875
0 0.069515625 0.61621875 0.044921875 0.0731875
0 0.590328125 0.2319375 0.024281249999999997 0.052515624999999996
0 0.254890625 0.619140625 0.0388125 0.07696875
0 0.399421875 0.048125 0.02203125 0.03278125
0 0.017515625 0.6118125 0.034609375 0.083859375
0 0.025374999999999998 0.29809375 0.039546874999999995 0.052031249999999994
0 0.9262656249999999 0.35009375 0.027796875 0.04840625
0 0.42821875 0.46801562499999994 0.029375000000000002 0.064203125
0 0.29809375 0.46215624999999994 0.033078125 0.068421875
0 0.7055625 0.023765625000000002 0.0206875 0.042812499999999996
0 0.36865625 0.017765625 0.021406249999999998 0.035515625
0 0.5444375 0.62646875 0.032046875 0.07520312500000001
0 0.15003125 0.46778125 0.040765625 0.067328125
0 0.04328125 0.407234375 0.038546875 0.05571875
0 0.46215624999999994 0.46264062499999997 0.027796875 0.07409375
0 0.341546875 0.46362500000000006 0.033390625 0.07171875
0 0.97559375 0.556640625 0.044671875 0.07275000000000001
0 0.4663125 0.396234375 0.028218749999999997 0.064640625
0 0.171875 0.40698437500000006 0.037265625000000004 0.055203125
0 0.49193749999999997 0.4585 0.028875 0.07575
0 0.434578125 0.017109375 0.021281249999999998 0.03365625
0 0.234015625 0.460453125 0.03540625 0.0674375
0 0.48217187499999997 0.109125 0.022109375 0.046109375
0 0.19396875 0.61571875 0.04184375 0.076109375
0 0.20495312499999999 0.46118750000000003 0.03540625 0.07434375
0 0.379640625 0.2890625 0.026968750000000003 0.052515624999999996
0 0.0704375 0.294921875 0.032234374999999996 0.0546875
0 0.261234375 0.2915 0.028546875 0.05234375
0 0.42993750000000003 0.286625 0.027328124999999998 0.055203125
0 0.28271875 0.40454687500000003 0.03240625 0.05996875
0 0.94140625 0.416015625 0.036828125 0.065609375
0 0.094 0.29296875 0.029078125 0.04978125
0 0.02828125 0.72509375 0.048578125 0.096375
0 0.48340625 0.28271875 0.025374999999999998 0.05728124999999999
0 0.11737500000000001 0.2944375 0.032953125 0.044
0 0.67040625 0.2265625 0.025078125 0.046546875
0 0.114984375 0.24340625 0.0288125 0.052031249999999994
0 0.35059375 0.402828125 0.034875 0.05878124999999999
0 0.85059375 0.462890625 0.038390625 0.090578125
0 0.50928125 0.2836875 0.025750000000000002 0.06096875
0 0.29296875 0.12042187499999998 0.0268125 0.042875
0 0.22521874999999997 0.40259375000000003 0.035546875 0.05571875
0 0.0701875 0.07696875 0.034609375 0.02790625
0 0.3410625 0.7295 0.038328125000000005 0.097046875
0 0.41259375 0.24206249999999999 0.025 0.042640625
0 0.356203125 0.054296875 0.022078125 0.034234375
0 0.310796875 0.287359375 0.027218750000000003 0.058562499999999997
0 0.28809375 0.021046875 0.019796875 0.03384375
0 0.18775 0.2893125 0.028218749999999997 0.053500000000000006
0 0.727046875 0.024609375 0.020796875 0.04178125
0 0.400390625 0.156984375 0.029312500000000002 0.04921875
0 0.34009375 0.2915 0.030109375 0.05878124999999999
0 0.253421875 0.40503125000000006 0.034234375 0.055609375
0 0.210578125 0.297359375 0.031921875 0.048671874999999996
0 0.31615625 0.049953125 0.0231875 0.034187499999999996
0 0.20471875 0.24340625 0.0288125 0.04434375
0 0.114203125 0.166625 0.029140624999999996 0.045875
0 0.296390625 0.052031249999999994 0.01953125 0.034421875000000005
0 0.229734375 0.12250000000000001 0.029249999999999998 0.039640625
0 0.2160625 0.160515625 0.024890625 0.03803125
0 0.15234375 0.16175 0.026359375 0.042234375000000005
0 0.2263125 0.238765625 0.027437499999999997 0.049312499999999995
0 0.149046875 0.12250000000000001 0.026703125 0.052125
0 0.182125 0.06109375 0.022421875 0.0350625
0 0.093328125 0.0364375 0.032718750000000005 0.0263125
0 0.306390625 0.02096875 0.017781250000000002 0.032171875
0 0.556640625 0.01178125 0.018765625 0.023515625000000002
0 0.46240625 0.239015625 0.025625 0.052125
0 0.619625 0.00984375 0.0171875 0.019703125
0 0.488765625 0.234015625 0.023375 0.051171875
0 0.43920312499999997 0.23376562500000003 0.024890625 0.054906250000000004
0 0.112421875 0.128296875 0.02828125 0.042640625
0 0.159796875 0.033015625 0.02475 0.030109375
0 0.345703125 0.017484375 0.02253125 0.03496875
0 0.63965625 0.009421875 0.019453124999999998 0.018515625
0 0.016125 0.176640625 0.032234374999999996 0.032109375
0 0.258796875 0.05292187499999999 0.023421875 0.036828125
0 0.9096718750000001 0.2890625 0.022625 0.0260625
0 0.32715625 0.018765625 0.0196875 0.034187499999999996
0 0.173953125 0.161859375 0.029031249999999998 0.037265625000000004
0 0.10968750000000001 0.01159375 0.038109375 0.022625
0 0.23914062500000002 0.160515625 0.029203125000000003 0.038609375
0 0.203859375 0.059546875 0.021578125 0.031734374999999995
0 0.771 0.006125 0.0171875 0.011828125
0 0.212890625 0.027953125000000002 0.02225 0.03259375
0 0.222171875 0.0571875 0.023953125 0.03278125
0 0.23132812500000002 0.023375 0.02446875 0.0376875
0 0.9296875 0.8813437499999999 0.081234375 0.06659375
0 0.915046875 0.80859375 0.07453125000000001 0.0614375
0 0.014000000000000002 0.00546875 0.023375 0.010453125