0 0.665046875 0.094484375 0.020640625000000003 0.045953125
0 0.58496875 0.460453125 0.026453125 0.063359375
0 0.41015625 0.40404687499999997 0.02975 0.06371875
0 0.761234375 0.6328125 0.03746875 0.093203125
0 0.61475 0.399171875 0.027437499999999997 0.06281250000000001
0 0.5546875 0.3986875 0.024796875 0.05996875
0 0.54590625 0.14709375 0.022421875 0.041328125
0 0.158328125 0.622078125 0.040531250000000005 0.072265625
0 0.777828125 0.22815625 0.02784375 0.048859375
0 0.645015625 0.40234375 0.02753125 0.058140625
0 0.806640625 0.6328125 0.036625000000000005 0.09668750000000001
0 0.5131875 0.037328125000000004 0.018609375 0.039703125
0 0.5835 0.40259375000000003 0.0260625 0.05371875
0 0.46875 0.0403125 0.02203125 0.0406875
0 0.67578125 0.3984375 0.027328124999999998 0.061890625
0 0.727546875 0.22985937500000003 0.02759375 0.04715625
0 0.703125 0.276375 0.025 0.055203125
0 0.594734375 0.1431875 0.020796875 0.04015625
0 0.743171875 0.3986875 0.029984375 0.061640625000000004
0 0.692390625 0.09515625 0.019796875 0.04328125
0 0.77246875 0.392328125 0.031375 0.067328125
0 0.789546875 0.278328125 0.030625000000000003 0.05242187499999999
0 0.7163125 0.138921875 0.022203125 0.041375
0 0.6748125 0.277828125 0.023734375 0.053796875
0 0.61865625 0.629890625 0.029640624999999997 0.08196875
0 0.79590625 0.138796875 0.025671875 0.052125
0 0.8779375 0.634765625 0.038546875 0.087703125
0 0.70946875 0.400875 0.029031249999999998 0.060640625000000004
0 0.524421875 0.400875 0.025953125 0.055421874999999995
0 0.305171875 0.62109375 0.038546875 0.076296875
0 0.766609375 0.13379687499999998 0.025421875 0.05014062500000001
0 0.18262499999999998 0.23498437499999997 0.023953125 0.0505
0 0.559578125 0.2836875 0.026921875 0.053500000000000006
0 0.5546875 0.45971875000000006 0.026859375 0.06804687499999999
0 0.692390625 0.1380625 0.021578125 0.04046875
0 0.739265625 0.095890625 0.02190625 0.044671875
0 0.8090781249999999 0.2265625 0.027328124999999998 0.06096875
0 0.77246875 0.0215 0.02109375 0.043
0 0.64453125 0.279046875 0.024421875000000003 0.0571875
0 0.123046875 0.619625 0.04459375 0.07965625
0 0.640625 0.034875 0.020765625 0.03359375
0 0.089296875 0.168828125 0.026203125 0.041625
0 0.5234375 0.45996875 0.0268125 0.07396875
0 0.7055625 0.02346875 0.02084375 0.04328125
0 0.94140625 0.41553125 0.03753125 0.06609374999999999
0 0.30371875 0.154546875 0.025374999999999998 0.044921875
0 0.589359375 0.2319375 0.024890625 0.052828125000000004
0 0.04178125 0.12378125 0.043359375 0.03284375
0 0.336671875 0.6279375 0.03753125 0.080203125
0 0.7631875 0.09534375 0.023859375 0.03790625
0 0.5444375 0.626953125 0.032171875 0.07653125
0 0.29809375 0.46264062499999997 0.03265625 0.068546875
0 0.67040625 0.2265625 0.0255625 0.0468125
0 0.06928125 0.61621875 0.045015625 0.073421875
0 0.9765625 0.557125 0.044921875 0.07275000000000001
0 0.16175 0.291265625 0.030953124999999998 0.053093749999999995
0 0.1746875 0.46215624999999994 0.03628125 0.068171875
0 0.726078125 0.024234375 0.01990625 0.042171875
0 0.46215624999999994 0.46264062499999997 0.027328124999999998 0.07396875
0 0.42821875 0.46801562499999994 0.02859375 0.065
0 0.387453125 0.24010937499999999 0.02753125 0.046546875
0 0.147578125 0.46778125 0.035484375 0.0675625
0 0.20421874999999998 0.46240625 0.038453125 0.07195312499999999
0 0.338375 0.1199375 0.02365625 0.036625000000000005
0 0.49193749999999997 0.45873437499999997 0.02859375 0.07575
0 0.019375 0.46704687500000003 0.03875 0.06634375
0 0.341546875 0.46362500000000006 0.033328125 0.072625
0 0.841796875 0.397953125 0.031078125 0.056640625
0 0.430671875 0.286859375 0.026703125 0.0548125
0 0.9243124999999999 0.348640625 0.031140624999999998 0.051453125
0 0.46606249999999994 0.39575 0.028171875000000002 0.064875
0 0.23303124999999997 0.46068749999999997 0.035828125 0.068171875
0 0.48340625 0.283203125 0.025171875 0.0571875
0 0.028437499999999998 0.72509375 0.0496875 0.097234375
0 0.17175 0.40599999999999997 0.037390625 0.052125
0 0.50928125 0.283453125 0.02590625 0.06085937500000001
0 0.043453124999999995 0.40771875 0.039125 0.0558125
0 0.369140625 0.017781250000000002 0.02175 0.035546875
0 0.37890625 0.2888125 0.028484375 0.053890625000000004
0 0.28271875 0.40404687499999997 0.032234374999999996 0.060515624999999997
0 0.340828125 0.7295 0.038109375 0.09740625
0 0.399421875 0.04821875 0.0219375 0.03240625
0 0.193484375 0.61571875 0.041625 0.07684375
0 0.4819375 0.10821875 0.02178125 0.04428125
0 0.019859375000000002 0.298828125 0.032234374999999996 0.052031249999999994
0 0.194953125 0.15784375 0.025046875000000003 0.04184375
0 0.35059375 0.40307812500000006 0.034999999999999996 0.059546875
0 0.22546875000000002 0.40209374999999997 0.03521875 0.0548125
0 0.34009375 0.2915 0.03125 0.057703125
0 0.43481249999999994 0.016843749999999998 0.020796875 0.03353125
0 0.210578125 0.297859375 0.032468750000000005 0.049140625
0 0.25365625 0.40503125000000006 0.034234375 0.055515625
0 0.371828125 0.1539375 0.0235625 0.043703124999999995
0 0.0703125 0.077515625 0.035671875 0.027640625000000002
0 0.18775 0.289546875 0.02859375 0.053093749999999995
0 0.285890625 0.29296875 0.028437499999999998 0.049140625
0 0.413578125 0.24109375000000002 0.024656249999999998 0.04321875
0 0.1328125 0.29809375 0.033015625 0.046625
0 0.26025 0.29175 0.027265624999999998 0.052125
0 0.455078125 0.06359375 0.023140625 0.04184375
0 0.288328125 0.02096875 0.02025 0.03403125
0 0.415046875 0.11065624999999998 0.023953125 0.0456875
0 0.11279687499999999 0.24328124999999998 0.03265625 0.05184375
0 0.203484375 0.2421875 0.02865625 0.04409375
0 0.349609375 0.1536875 0.0225 0.038234375
0 0.094 0.292234375 0.029921874999999997 0.051359375
0 0.313234375 0.288328125 0.026109375 0.0558125
0 0.226078125 0.238765625 0.028171875000000002 0.05014062500000001
0 0.400390625 0.159296875 0.031203124999999998 0.044765624999999996
0 0.1483125 0.06384375 0.026546874999999998 0.036625000000000005
0 0.48828125 0.23303124999999997 0.02446875 0.051765625
0 0.093203125 0.03615625 0.032890625 0.026968750000000003
0 0.0701875 0.29565625 0.03234375 0.053593749999999996
0 0.619625 0.00984375 0.017781250000000002 0.019703125
0 0.43896875 0.23315625 0.02409375 0.05625
0 0.090578125 0.25025 0.0365625 0.043609375
0 0.852546875 0.469734375 0.037328125000000004 0.078921875
0 0.55615625 0.01196875 0.018984375 0.023765625000000002
0 0.306390625 0.020421875 0.01834375 0.032953125
0 0.11359375000000001 0.16528125 0.030375000000000003 0.045015625
0 0.354734375 0.05450000000000001 0.024703125 0.034234375
0 0.153203125 0.161859375 0.026453125 0.042015625
0 0.463875 0.237921875 0.024515625 0.05234375
0 0.31640625 0.04959375 0.023328124999999998 0.034937499999999996
0 0.2944375 0.120234375 0.027484375 0.04178125
0 0.05109375000000001 0.108765625 0.040765625 0.02753125
0 0.21715625 0.16003125 0.025328125 0.038609375
0 0.22985937500000003 0.121890625 0.029078125 0.0390625
0 0.159296875 0.034421875000000005 0.0260625 0.030328125
0 0.149171875 0.122015625 0.027375 0.052125
0 0.016203125 0.176515625 0.032390625 0.031984374999999995
0 0.29590625 0.052031249999999994 0.019765625000000002 0.03409375
0 0.640140625 0.009515625 0.019859375000000002 0.018609375
0 0.171390625 0.160765625 0.027734375 0.03875
0 0.263421875 0.155890625 0.026109375 0.03875
0 0.106328125 0.0121875 0.03746875 0.023953125
0 0.182 0.0614375 0.024 0.034999999999999996
0 0.344734375 0.01784375 0.023140625 0.0356875
0 0.27196875 0.12054687500000001 0.024796875 0.037390625
0 0.200921875 0.094 0.040625 0.0304375
0 0.238640625 0.15990625 0.026265624999999997 0.03790625
0 0.258546875 0.053093749999999995 0.023328124999999998 0.037109375
0 0.23181250000000003 0.023328124999999998 0.024890625 0.03621875
0 0.212890625 0.02790625 0.022078125 0.03284375
0 0.11376562500000001 0.12646875 0.024281249999999997 0.039125
0 0.20495312499999999 0.059750000000000004 0.022109375 0.0314375
0 0.5415 0.946296875 0.026609375 0.082390625
0 0.9301718749999999 0.8813437499999999 0.08106250000000001 0.06671875000000001
0 0.12 0.932625 0.05225 0.088984375
0 0.9096718750000001 0.2893125 0.022328124999999997 0.02790625
0 0.21973437499999998 0.055937499999999994 0.023078124999999998 0.032234374999999996
0 0.23546874999999998 0.057703125 0.023078124999999998 0.03384375
0 0.915046875 0.809578125 0.073671875 0.0626875
0 0.32690625 0.019296874999999998 0.019125 0.034765625