0 0.664546875 0.094484375 0.021625 0.04459375
0 0.410640625 0.402828125 0.034234375 0.06281250000000001
0 0.184328125 0.23315625 0.029078125 0.046625
0 0.09929687499999999 0.615234375 0.043125000000000004 0.069390625
0 0.031859375 0.6123125 0.048578125 0.068296875
0 0.02071875 0.4086875 0.040984375 0.05632812499999999
0 0.777828125 0.22778125 0.027265624999999998 0.047703125
0 0.338140625 0.11950000000000001 0.0255625 0.035953125
0 0.044859375 0.293953125 0.028171875000000002 0.051171875
0 0.739265625 0.095890625 0.021015625 0.04328125
0 0.716796875 0.138671875 0.02084375 0.039281250000000004
0 0.29321875 0.11920312500000001 0.028546875 0.041625
0 0.703609375 0.275640625 0.025124999999999998 0.052703124999999997
0 0.21106250000000001 0.1221875 0.029703125000000004 0.042484375000000005
0 0.44896874999999997 0.047234375 0.022328124999999997 0.03353125
0 0.31153125 0.286859375 0.028703125000000003 0.058562499999999997
0 0.11181250000000001 0.12878125 0.025265625000000003 0.04459375
0 0.46948437500000006 0.04146875 0.01984375 0.039703125
0 0.524421875 0.400875 0.0315 0.059328124999999995
0 0.203125 0.46314062500000003 0.0364375 0.06867187500000001
0 0.640625 0.034546875 0.0206875 0.03384375
0 0.353765625 0.40014062499999997 0.03615625 0.055421874999999995
0 0.234625 0.46068749999999997 0.035734375 0.063109375
0 0.651859375 0.46728125 0.0315625 0.06646875
0 0.3776875 0.288328125 0.026609375 0.052031249999999994
0 0.42821875 0.46849999999999997 0.029703125000000004 0.06384375
0 0.74903125 0.46704687500000003 0.029421874999999997 0.07453125000000001
0 0.559578125 0.281984375 0.027953125000000002 0.04959375
0 0.306390625 0.02009375 0.01984375 0.0315625
0 0.8784218750000001 0.63134375 0.040531250000000005 0.08434375
0 0.472171875 0.620609375 0.03365625 0.082390625
0 0.41259375 0.61475 0.031609375 0.083625
0 0.50684375 0.10265625 0.022671875 0.042640625
0 0.49096875000000006 0.040765625 0.020515625000000003 0.039703125
0 0.11737500000000001 0.294671875 0.034484375 0.043453124999999995
0 0.39965625 0.048578125 0.024609375 0.032953125
0 0.55321875 0.46020312499999994 0.0288125 0.0679375
0 0.50634375 0.28271875 0.026359375 0.0625625
0 0.434078125 0.112421875 0.02071875 0.043859375
0 0.655765625 0.609859375 0.03228125 0.0886875
0 0.2109375 0.297125 0.034937499999999996 0.047234375
0 0.19153125 0.61328125 0.03753125 0.074640625
0 0.149046875 0.46410937499999994 0.043125000000000004 0.06525
0 0.590828125 0.23145312499999998 0.025 0.05014062500000001
0 0.45971875000000006 0.463875 0.029640624999999997 0.0703125
0 0.228265625 0.237921875 0.0298125 0.048953125
0 0.018078125 0.46240625 0.03615625 0.064640625
0 0.465828125 0.396 0.028218749999999997 0.064515625
0 0.8051718749999999 0.6328125 0.034999999999999996 0.094
0 0.705078125 0.02346875 0.02059375 0.041140625
0 0.31615625 0.05014062500000001 0.02446875 0.033203125
0 0.356203125 0.05340625 0.02434375 0.033078125
0 0.12323437500000001 0.45873437499999997 0.03796875 0.068421875
0 0.9184531249999999 0.80371875 0.0755625 0.058562499999999997
0 0.173828125 0.40503125000000006 0.04146875 0.053015625
0 0.9399374999999999 0.41185937499999997 0.03528125 0.061765625000000005
0 0.04153125 0.46509375000000003 0.038546875 0.055515625
0 0.43823437500000006 0.23620312499999999 0.028328125 0.055515625
0 0.33446875 0.62646875 0.035734375 0.074765625
0 0.692875 0.138796875 0.022984375 0.035734375
0 0.146734375 0.065 0.02859375 0.03396875
0 0.45946875 0.2366875 0.024234375 0.051000000000000004
0 0.069390625 0.2944375 0.03390625 0.05292187499999999
0 0.04428125 0.255125 0.034296875 0.046546875
0 0.349359375 0.240484375 0.029984375 0.058234375000000005
0 0.486328125 0.2319375 0.022578124999999998 0.048125
0 0.092046875 0.167484375 0.034703125 0.04025
0 0.48315625000000006 0.281984375 0.026500000000000003 0.05603125
0 0.216546875 0.159796875 0.027484375 0.03528125
0 0.379640625 0.11859375000000001 0.026000000000000002 0.038390625
0 0.028875 0.7216875 0.055421874999999995 0.091546875
0 0.148078125 0.12096875 0.026921875 0.050812500000000003
0 0.16040625 0.03353125 0.029203125000000003 0.029484375
0 0.370609375 0.154046875 0.0241875 0.042484375000000005
0 0.0679375 0.2476875 0.033390625 0.046546875
0 0.23975 0.057921875 0.025171875 0.031984374999999995
0 0.195921875 0.031140624999999998 0.02975 0.03259375
0 0.434078125 0.016468749999999997 0.02225 0.031609375
0 0.1744375 0.160515625 0.03234375 0.034296875
0 0.36571875 0.016718749999999998 0.021453125 0.032171875
0 0.23132812500000002 0.02434375 0.02178125 0.035953125
0 0.017781250000000002 0.184453125 0.034828125 0.043953124999999996
0 0.32421875 0.018234375 0.0189375 0.034234375
0 0.45532812500000003 0.01590625 0.02025 0.030796875
0 0.93359375 0.872078125 0.07159375 0.058562499999999997
0 0.021203125 0.157109375 0.040375 0.02759375
0 0.093015625 0.03803125 0.03528125 0.026921875
0 0.054906250000000004 0.103765625 0.042234375000000005 0.03678125
0 0.24817187500000001 0.022421875 0.0249375 0.036625000000000005
0 0.90528125 0.735359375 0.0703125 0.0558125
0 0.557125 0.0115 0.020499999999999997 0.022796875
0 0.23975 0.16015625 0.03278125 0.034875
0 0.06804687499999999 0.0755625 0.040984375 0.029703125000000004
0 0.344 0.01665625 0.023375 0.03228125
0 0.009 0.21387499999999998 0.018 0.031671875
0 0.620125 0.009296875 0.018687500000000003 0.018578125
0 0.5415 0.951171875 0.029546875 0.092046875
0 0.10521875 0.012015625 0.03253125 0.0229375
0 0.640140625 0.008875 0.021578125 0.017515625
0 0.02303125 0.039640625 0.024515625 0.028218749999999997
0 0.9091875 0.288578125 0.020499999999999997 0.021328125
0 0.8364218749999999 0.224609375 0.0174375 0.035953125