0 0.4711875 0.6225625 0.03021875 0.07781249999999999
0 0.3674375 0.458984375 0.03234375 0.068296875
0 0.23351562499999998 0.46654687499999997 0.03753125 0.062109375
0 0.40307812500000006 0.61865625 0.03259375 0.080203125
0 0.37134375 0.614265625 0.03371875 0.07684375
0 0.281984375 0.400390625 0.03403125 0.06384375
0 0.612796875 0.625 0.029031249999999998 0.073671875
0 0.487796875 0.46362500000000006 0.026000000000000002 0.07134375
0 0.76465625 0.630375 0.03359375 0.080625
0 0.295171875 0.45946875 0.03534375 0.067078125
0 0.262703125 0.465328125 0.03534375 0.060765625000000004
0 0.745609375 0.462890625 0.0305 0.07146875
0 0.352296875 0.3981875 0.03409375 0.063109375
0 0.5498125 0.4585 0.02434375 0.0700625
0 0.150265625 0.614265625 0.04046875 0.0834375
0 0.306890625 0.40503125000000006 0.034484375 0.05878124999999999
0 0.4086875 0.40112500000000006 0.0305 0.05996875
0 0.782234375 0.46264062499999997 0.0298125 0.071046875
0 0.613765625 0.45996875 0.024703125 0.07079687500000001
0 0.1199375 0.612796875 0.040984375 0.084171875
0 0.338625 0.4609375 0.03240625 0.06634375
0 0.402828125 0.2893125 0.027109375 0.0558125
0 0.39990625 0.46118750000000003 0.0305625 0.07146875
0 0.42821875 0.462890625 0.032890625 0.077390625
0 0.18848437499999998 0.620125 0.037390625 0.0753125
0 0.31153125 0.28809375 0.033203125 0.057703125
0 0.064875 0.292234375 0.035546875 0.050328125
0 0.094359375 0.2915 0.0376875 0.05071875
0 0.578609375 0.623046875 0.027328124999999998 0.0755625
0 0.044 0.29321875 0.032046875 0.048671874999999996
0 0.37525 0.29028125 0.027687499999999997 0.05571875
0 0.80078125 0.630859375 0.0365 0.08820312500000001
0 0.10895312500000001 0.162109375 0.031140624999999998 0.04146875
0 0.7319375 0.2734375 0.02790625 0.06085937500000001
0 0.76075 0.27465625 0.026968750000000003 0.058562499999999997
0 0.589359375 0.279046875 0.025953125 0.054593749999999996
0 0.5185625 0.45776562500000006 0.026859375 0.069515625
0 0.5810625 0.45971875000000006 0.024234375 0.068546875
0 0.438484375 0.622078125 0.03240625 0.0833125
0 0.380859375 0.396734375 0.029984375 0.0624375
0 0.25415625 0.62109375 0.0390625 0.07434375
0 0.68896875 0.6279375 0.029593750000000002 0.085578125
0 0.40599999999999997 0.15332812499999998 0.027328124999999998 0.043765625
0 0.369390625 0.1590625 0.026921875 0.039484375
0 0.3361875 0.619140625 0.035484375 0.07575
0 0.2998125 0.62109375 0.037203125 0.07585937499999999
0 0.542 0.624515625 0.02859375 0.077515625
0 0.50634375 0.62109375 0.030328125 0.0856875
0 0.140984375 0.2890625 0.03515625 0.0531875
0 0.2211875 0.619140625 0.0390625 0.074765625
0 0.21728125 0.155890625 0.029593750000000002 0.042078125
0 0.340828125 0.287359375 0.030671874999999998 0.051546875000000006
0 0.65234375 0.62353125 0.0270625 0.08496875000000001
0 0.35521875 0.047796875 0.024 0.0364375
0 0.034609375 0.610359375 0.045203125 0.06878125
0 0.258796875 0.731453125 0.0454375 0.0935
0 0.430671875 0.283453125 0.03028125 0.055203125
0 0.2055625 0.460453125 0.038453125 0.071046875
0 0.249640625 0.39990625 0.032890625 0.064203125
0 0.134765625 0.160890625 0.034484375 0.042812499999999996
0 0.190671875 0.15734375 0.029421874999999997 0.042390625
0 0.523921875 0.397953125 0.027015624999999998 0.0533125
0 0.711421875 0.46020312499999994 0.026859375 0.072625
0 0.648921875 0.45923437500000003 0.025374999999999998 0.069515625
0 0.348140625 0.239015625 0.03353125 0.042640625
0 0.177609375 0.45923437500000003 0.040625 0.06982812499999999
0 0.724125 0.625 0.030671874999999998 0.09234375
0 0.2580625 0.051765625 0.02253125 0.035484375
0 0.8779375 0.637703125 0.043859375 0.08209375
0 0.583984375 0.395015625 0.024421875000000003 0.06476562500000001
0 0.618171875 0.279296875 0.02434375 0.056859375000000004
0 0.066953125 0.251703125 0.031984374999999995 0.039703125
0 0.14953125 0.46020312499999994 0.03796875 0.064515625
0 0.091734375 0.24865624999999997 0.032468750000000005 0.041328125
0 0.836921875 0.6328125 0.038453125 0.089109375
0 0.79053125 0.272953125 0.027953125000000002 0.059203125
0 0.02059375 0.2941875 0.031203124999999998 0.051671875
0 0.322015625 0.24096875 0.028546875 0.047703125
0 0.42821875 0.045203125 0.021812500000000002 0.03634375
0 0.5336875 0.034828125 0.022109375 0.0406875
0 0.06371875 0.6118125 0.043515625 0.0808125
0 0.042640625 0.2526875 0.032046875 0.038109375
0 0.10053125 0.45996875 0.047609374999999995 0.059328124999999995
0 0.8178750000000001 0.46314062500000003 0.03396875 0.065125
0 0.8207968749999999 0.278078125 0.029593750000000002 0.06009375
0 0.21179687500000002 0.9248125 0.046390625000000005 0.09221875
0 0.1795625 0.24378125 0.03028125 0.040921875
0 0.43920312499999997 0.11456249999999998 0.027734375 0.036078125
0 0.677734375 0.45923437500000003 0.025078125 0.0704375
0 0.527828125 0.10778125000000001 0.024703125 0.04009375
0 0.482421875 0.109125 0.026859375 0.04015625
0 0.296140625 0.047 0.025 0.035734375
0 0.395515625 0.048765625 0.023765625000000002 0.034421875000000005
0 0.3151875 0.05109375000000001 0.022890625 0.031984374999999995
0 0.06359375 0.40503125000000006 0.039640625 0.05071875
0 0.671390625 0.22546875000000002 0.027265624999999998 0.055937499999999994
0 0.701171875 0.276859375 0.024390625 0.05340625
0 0.5966875 0.03265625 0.020499999999999997 0.04009375
0 0.641109375 0.029546875 0.021124999999999998 0.04025
0 0.146359375 0.12634375 0.0305 0.03540625
0 0.175296875 0.728515625 0.047875 0.08251562500000001
0 0.41381249999999997 0.11578124999999999 0.02640625 0.034609375
0 0.30078125 0.727046875 0.0378125 0.07709375
0 0.12903125 0.24621875000000001 0.029312500000000002 0.040984375
0 0.23937499999999998 0.15246875 0.03253125 0.046015625
0 0.167609375 0.404296875 0.036890624999999996 0.054203125
0 0.853515625 0.46654687499999997 0.03634375 0.066953125
0 0.67578125 0.395265625 0.027375 0.065734375
0 0.034234375 0.40454687500000003 0.03875 0.047703125
0 0.195796875 0.40259375000000003 0.038703125 0.053093749999999995
0 0.44556250000000003 0.951171875 0.030625000000000003 0.08692187500000001
0 0.22778125 0.12 0.025625 0.034359375
0 0.387703125 0.237796875 0.03390625 0.0483125
0 0.21007812499999998 0.119015625 0.025421875 0.037203125
0 0.091859375 0.16771875 0.0260625 0.040375
0 0.380375 0.116578125 0.026765624999999998 0.038453125
0 0.145265625 0.064640625 0.024515625 0.03746875
0 0.590828125 0.22949999999999998 0.026703125 0.054109375
0 0.5078125 0.731453125 0.03259375 0.093875
0 0.375484375 0.04821875 0.020421875 0.03534375
0 0.050234375 0.10992187499999999 0.04015625 0.029421874999999997
0 0.022671875 0.45703125 0.043703124999999995 0.06609374999999999
0 0.337640625 0.119390625 0.031609375 0.037046875
0 0.19665625 0.057374999999999995 0.034703125 0.04015625
0 0.275640625 0.051265625 0.02253125 0.032953125
0 0.271234375 0.119015625 0.026765624999999998 0.03534375
0 0.09253125 0.404296875 0.04296875 0.05340625
0 0.158328125 0.241828125 0.029921874999999997 0.039421875
0 0.49779687499999997 0.955078125 0.038328125000000005 0.084171875
0 0.47729687500000006 0.013250000000000001 0.022765625 0.026500000000000003
0 0.164546875 0.9360312499999999 0.048125 0.082828125
0 0.18871875 0.12262500000000001 0.02484375 0.038546875
0 0.194828125 0.027734375 0.033484375 0.029593750000000002
0 0.29565625 0.1169375 0.030671874999999998 0.033390625
0 0.30615625 0.018234375 0.029140624999999996 0.029875000000000002
0 0.250984375 0.9331093750000001 0.042234375000000005 0.09234375
0 0.01340625 0.609859375 0.0268125 0.06634375
0 0.288578125 0.017640625 0.024703125 0.03125
0 0.030734375 0.719734375 0.04940625 0.09253125
0 0.16784375 0.124203125 0.02484375 0.0378125
0 0.11968749999999999 0.9243124999999999 0.041328125 0.085265625
0 0.33325 0.049859375 0.0219375 0.03284375
0 0.516109375 0.011875 0.021406249999999998 0.023515625000000002
0 0.164421875 0.060640625000000004 0.025046875000000003 0.037390625
0 0.44067187499999994 0.013343749999999998 0.024890625 0.026703125
0 0.344484375 0.01815625 0.02484375 0.030796875
0 0.244390625 0.12103124999999999 0.029703125000000004 0.034875
0 0.114375 0.130859375 0.040015625 0.031671875
0 0.727546875 0.72559375 0.032468750000000005 0.089296875
0 0.234015625 0.024234375 0.026453125 0.03615625
0 0.542 0.9536093749999999 0.029203125000000003 0.085578125
0 0.015125 0.40551562499999994 0.030234375 0.05071875
0 0.7006875 0.9575156249999999 0.029984375 0.07921875
0 0.400390625 0.017515625 0.026265624999999997 0.03359375
0 0.9853125 0.6171875 0.029375000000000002 0.07409375
0 0.261234375 0.022625 0.022375 0.0305
0 0.594234375 0.103390625 0.022078125 0.03803125
0 0.017906250000000002 0.04046875 0.031859375 0.032468750000000005
0 0.922859375 0.33959375 0.0298125 0.048765625
0 0.55371875 0.01065625 0.023734375 0.020765625
0 0.200921875 0.241703125 0.036015625 0.0403125
0 0.10053125 0.021234375 0.03359375 0.031078125
0 0.9624062500000001 0.5415 0.05340625 0.05965625
0 0.080078125 0.06096875 0.039546874999999995 0.033015625
0 0.252203125 0.240234375 0.03259375 0.040984375
0 0.38184375 0.019171874999999998 0.0249375 0.034421875000000005
0 0.79540625 0.02346875 0.02165625 0.039125
0 0.022203125 0.166625 0.04428125 0.047875
0 0.74609375 0.9448281250000001 0.03634375 0.1043125
0 0.954109375 0.462890625 0.039953125 0.059750000000000004
0 0.009234375 0.71728125 0.018453125 0.081671875
0 0.9389687500000001 0.40307812500000006 0.034703125 0.05242187499999999
0 0.047875 0.527828125 0.0531875 0.043765625
0 0.533203125 0.011640625 0.01834375 0.0229375
0 0.08209375 0.046109375 0.03678125 0.022984375
0 0.961921875 0.955078125 0.066953125 0.08154687499999999
0 0.901375 0.73340625 0.0678125 0.05603125
0 0.9125937499999999 0.78759375 0.076296875 0.064265625
0 0.17553125 0.029421874999999997 0.028218749999999997 0.031015625
0 0.72559375 0.0062656249999999995 0.020890625 0.01234375
0 0.923828125 0.8588906250000001 0.06609374999999999 0.060515624999999997
0 0.155890625 0.02790625 0.023328124999999998 0.02828125
0 0.9910625 0.732421875 0.017875 0.05645312500000001
0 0.009265625 0.215578125 0.017906250000000002 0.02828125
0 0.338625 0.181390625 0.032046875 0.0378125
0 0.11376562500000001 0.0110625 0.0365625 0.021984375
0 0.9097031250000001 0.288765625 0.038171875 0.053234375
0 0.837890625 0.22326562499999997 0.021124999999999998 0.03278125
0 0.791015625 0.0064375000000000005 0.02165625 0.0121875