0 0.613765625 0.45678124999999997 0.0245625 0.073421875
0 0.3669375 0.458015625 0.03234375 0.0703125
0 0.673828125 0.280765625 0.021484375 0.055109375
0 0.76025 0.276125 0.023734375 0.057703125
0 0.581546875 0.4585 0.026968750000000003 0.0731875
0 0.429203125 0.46118750000000003 0.02859375 0.066953125
0 0.396234375 0.45923437500000003 0.028328125 0.067203125
0 0.53028125 0.281 0.02175 0.05440625
0 0.40356249999999994 0.625 0.03384375 0.0754375
0 0.551765625 0.45776562500000006 0.025796875000000004 0.0703125
0 0.45776562500000006 0.45873437499999997 0.029875000000000002 0.07275000000000001
0 0.6899375 0.62646875 0.0305 0.077390625
0 0.7788125 0.46215624999999994 0.0314375 0.061765625000000005
0 0.58740625 0.398921875 0.024421875000000003 0.055203125
0 0.616703125 0.39990625 0.02475 0.053890625000000004
0 0.7421875 0.134765625 0.021484375 0.046546875
0 0.613765625 0.623046875 0.03021875 0.077515625
0 0.6538125 0.625484375 0.03021875 0.075984375
0 0.488765625 0.45824999999999994 0.029921874999999997 0.072265625
0 0.58740625 0.28271875 0.021984375 0.050421875000000005
0 0.521484375 0.45678124999999997 0.028484375 0.073859375
0 0.373046875 0.615234375 0.034359375 0.07921875
0 0.45287499999999997 0.287109375 0.024796875 0.05242187499999999
0 0.729984375 0.276609375 0.023953125 0.055203125
0 0.297859375 0.45971875000000006 0.034703125 0.0704375
0 0.50634375 0.284671875 0.024234375 0.051937500000000004
0 0.7006875 0.2734375 0.0235625 0.058437499999999996
0 0.6171875 0.278078125 0.022890625 0.05834375000000001
0 0.402828125 0.2893125 0.024796875 0.0531875
0 0.26465625 0.46410937499999994 0.038390625 0.068546875
0 0.46484375 0.398921875 0.028328125 0.0558125
0 0.76171875 0.630375 0.03540625 0.08209375
0 0.5600625 0.281734375 0.021984375 0.051265625
0 0.793453125 0.13159375 0.022671875 0.0495
0 0.1900625 0.615234375 0.04146875 0.081671875
0 0.354 0.397703125 0.032234374999999996 0.056546874999999996
0 0.6435625 0.137078125 0.020140625000000002 0.048953125
0 0.157953125 0.6171875 0.045203125 0.082390625
0 0.67871875 0.460453125 0.028437499999999998 0.075015625
0 0.43603125 0.400875 0.028109375 0.052828125000000004
0 0.66796875 0.140375 0.017515625 0.042234375000000005
0 0.479 0.290046875 0.0255625 0.045875
0 0.57665625 0.62353125 0.0298125 0.07781249999999999
0 0.40845312500000003 0.401375 0.02865625 0.052609375
0 0.427734375 0.281984375 0.025328125 0.05728124999999999
0 0.649421875 0.4585 0.025796875000000004 0.07171875
0 0.727046875 0.629390625 0.031609375 0.0809375
0 0.6435625 0.23034374999999999 0.0219375 0.04428125
0 0.23424999999999999 0.46167187500000006 0.037328125000000004 0.068421875
0 0.18628125 0.287359375 0.029249999999999998 0.05440625
0 0.743171875 0.46020312499999994 0.031078125 0.07434375
0 0.309328125 0.3986875 0.031921875 0.05696875
0 0.771 0.399421875 0.028328125 0.061765625000000005
0 0.767578125 0.13184374999999998 0.025124999999999998 0.049859375
0 0.738765625 0.395265625 0.025078125 0.06085937500000001
0 0.336671875 0.619140625 0.03615625 0.076296875
0 0.726078125 0.228875 0.0229375 0.044187500000000005
0 0.22326562499999997 0.404296875 0.03775 0.053796875
0 0.802734375 0.395515625 0.033328125 0.069953125
0 0.669921875 0.22425 0.022890625 0.0479375
0 0.237921875 0.288328125 0.031671875 0.05632812499999999
0 0.38134375 0.399421875 0.028937499999999998 0.053984374999999994
0 0.22168749999999998 0.61865625 0.039796874999999995 0.077203125
0 0.21106250000000001 0.28809375 0.03228125 0.055296875
0 0.47435937499999997 0.624515625 0.03253125 0.07781249999999999
0 0.20446875000000003 0.4609375 0.038453125 0.069515625
0 0.508296875 0.625 0.030109375 0.07781249999999999
0 0.33959375 0.46068749999999997 0.03240625 0.068296875
0 0.46264062499999997 0.234375 0.024421875000000003 0.047421875
0 0.54296875 0.625 0.029546875 0.0779375
0 0.034937499999999996 0.613765625 0.04434375 0.0703125
0 0.30053125 0.619625 0.03746875 0.076296875
0 0.789546875 0.27221875 0.02759375 0.060421875
0 0.617671875 0.23145312499999998 0.021359375 0.042484375000000005
0 0.255609375 0.620609375 0.04146875 0.075984375
0 0.047234375 0.29321875 0.031734374999999995 0.052828125000000004
0 0.17834375 0.45873437499999997 0.03775 0.0705625
0 0.552734375 0.3935625 0.024703125 0.060421875
0 0.753421875 0.22815625 0.022765625 0.040921875
0 0.12598437499999998 0.61571875 0.03746875 0.08228125
0 0.12262500000000001 0.46167187500000006 0.041625 0.063109375
0 0.0674375 0.458015625 0.042328125 0.070921875
0 0.021046875 0.30053125 0.0350625 0.04553125
0 0.28125 0.3981875 0.033203125 0.056125
0 0.711921875 0.45946875 0.027796875 0.0731875
0 0.43871874999999994 0.62109375 0.034609375 0.084046875
0 0.697265625 0.228265625 0.0235625 0.044859375
0 0.0390625 0.46068749999999997 0.042812499999999996 0.07159375
0 0.151125 0.45776562500000006 0.038390625 0.068421875
0 0.8188437499999999 0.464359375 0.035609375 0.06928125
0 0.6435625 0.275390625 0.021234375 0.058015625
0 0.11676562500000001 0.29028125 0.031734374999999995 0.053984374999999994
0 0.8071249999999999 0.22351562500000002 0.025625 0.040984375
0 0.069953125 0.29175 0.03240625 0.05292187499999999
0 0.71728125 0.13415625 0.022765625 0.052609375
0 0.263671875 0.286375 0.029546875 0.059328124999999995
0 0.017515625 0.4609375 0.035015625 0.069390625
0 0.646484375 0.3881875 0.02590625 0.06804687499999999
0 0.14075 0.29028125 0.03365625 0.05450000000000001
0 0.494140625 0.39721875 0.02753125 0.054906250000000004
0 0.8784218750000001 0.637203125 0.043125000000000004 0.084046875
0 0.51171875 0.234625 0.024421875000000003 0.047609374999999995
0 0.798828125 0.630375 0.03534375 0.08959375
0 0.253171875 0.3986875 0.03359375 0.0570625
0 0.523921875 0.396 0.0260625 0.056546874999999996
0 0.0624375 0.726078125 0.051765625 0.099796875
0 0.8178750000000001 0.274171875 0.029484375 0.059328124999999995
0 0.538578125 0.23424999999999999 0.022625 0.048671874999999996
0 0.751953125 0.0245625 0.021234375 0.040984375
0 0.090578125 0.292234375 0.033015625 0.053593749999999996
0 0.564453125 0.22985937500000003 0.022578124999999998 0.0495
0 0.06878125 0.61084375 0.045953125 0.08820312500000001
0 0.43603125 0.23840625000000001 0.02521875 0.043125000000000004
0 0.688484375 0.09534375 0.02096875 0.043125000000000004
0 0.261234375 0.727546875 0.045953125 0.0989375
0 0.8530312500000001 0.46606249999999994 0.034703125 0.07396875
0 0.7841875 0.082390625 0.023734375 0.039640625
0 0.1954375 0.40478125 0.03628125 0.054296875
0 0.67821875 0.38428125 0.026546874999999998 0.071234375
0 0.8159218750000001 0.0200625 0.0238125 0.038171875
0 0.6640625 0.0989375 0.02034375 0.041234375000000004
0 0.8374062500000001 0.63428125 0.03934375 0.091375
0 0.778328125 0.2265625 0.024890625 0.042484375000000005
0 0.042484375000000005 0.2526875 0.031796875 0.04025
0 0.708984375 0.3981875 0.025468750000000002 0.059109375
0 0.735359375 0.09515625 0.01990625 0.034999999999999996
0 0.0298125 0.7211875 0.047093750000000004 0.09515625
0 0.09503125 0.163578125 0.030734375 0.0468125
0 0.068421875 0.2473125 0.03534375 0.03934375
0 0.158453125 0.241453125 0.027796875 0.04328125
0 0.1171875 0.401859375 0.036890624999999996 0.0570625
0 0.1325625 0.244875 0.034609375 0.0483125
0 0.301515625 0.723640625 0.0388125 0.07781249999999999
0 0.775390625 0.021140625 0.02009375 0.04228125
0 0.21032812500000003 0.9252968750000001 0.050328125 0.103390625
0 0.76075 0.092828125 0.021359375 0.036828125
0 0.712890625 0.091734375 0.01953125 0.038109375
0 0.25025 0.239875 0.029484375 0.0419375
0 0.367671875 0.1486875 0.022796875 0.049312499999999995
0 0.531734375 0.034421875000000005 0.018796874999999998 0.040921875
0 0.09125 0.40014062499999997 0.035734375 0.05965625
0 0.01390625 0.61328125 0.027687499999999997 0.07134375
0 0.683109375 0.023015625 0.020421875 0.04603125
0 0.11084374999999999 0.244390625 0.03384375 0.051671875
0 0.167484375 0.4038125 0.03528125 0.05225
0 0.70459375 0.0225 0.01890625 0.04434375
0 0.143671875 0.402828125 0.03540625 0.05340625
0 0.79590625 0.02021875 0.020765625 0.040453125
0 0.727046875 0.021203125 0.0200625 0.042390625
0 0.83984375 0.38915625 0.034546875 0.0703125
0 0.778328125 0.73046875 0.042171875 0.081359375
0 0.970703125 0.5341875 0.039703125 0.079890625
0 0.840828125 0.018234375 0.024281249999999997 0.03646875
0 0.065734375 0.40112500000000006 0.036625000000000005 0.05625
0 0.042234375000000005 0.402828125 0.03796875 0.0533125
0 0.512703125 0.73290625 0.034875 0.09503125
0 0.251953125 0.9340781249999999 0.04715625 0.09740625
0 0.017796875 0.40234375 0.035578125 0.056859375000000004
0 0.093875 0.035953125 0.03284375 0.025750000000000002
0 0.9399374999999999 0.40209374999999997 0.036078125 0.053984374999999994
0 0.729 0.72559375 0.034765625 0.0886875
0 0.163578125 0.935546875 0.05014062500000001 0.08301562500000001
0 0.251953125 0.02203125 0.02153125 0.02790625
0 0.12323437500000001 0.92578125 0.048671874999999996 0.09601562500000001
0 0.044187500000000005 0.122015625 0.030375000000000003 0.030375000000000003
0 0.9545937500000001 0.458984375 0.03365625 0.048859375
0 0.701171875 0.9585000000000001 0.038546875 0.078375
0 0.014453125 0.165890625 0.028375 0.03396875
0 0.985765625 0.626953125 0.028453125000000003 0.081671875
0 0.030796875 0.13965624999999998 0.03409375 0.028218749999999997
0 0.754890625 0.9487343750000001 0.03528125 0.09929687499999999
0 0.010249999999999999 0.715828125 0.020499999999999997 0.084171875
0 0.400390625 0.9516562499999999 0.042390625 0.085265625
0 0.07709375 0.07184375 0.03278125 0.033484375
0 0.21325 0.022890625 0.027328124999999998 0.02665625
0 0.10968750000000001 0.011546875 0.03621875 0.02215625
0 0.9321249999999999 0.85840625 0.0808125 0.06384375
0 0.901375 0.73340625 0.06890625 0.058234375000000005
0 0.05340625 0.0885 0.03253125 0.029984375
0 0.9243124999999999 0.34375 0.0313125 0.051546875000000006
0 0.917 0.796390625 0.072265625 0.062921875
0 0.95703125 0.9555624999999999 0.072265625 0.08154687499999999
0 0.025328125 0.03775 0.01678125 0.025625
0 0.01125 0.055296875 0.020765625 0.024281249999999997