0 0.45804687499999996 0.462796875 0.03028125 0.08015625
0 0.234015625 0.462890625 0.0350625 0.065484375
0 0.543953125 0.625 0.02865625 0.074640625
0 0.147953125 0.4585 0.03803125 0.067078125
0 0.20421874999999998 0.46118750000000003 0.038109375 0.069515625
0 0.336421875 0.619140625 0.035546875 0.0730625
0 0.701171875 0.276125 0.02303125 0.053984374999999994
0 0.508796875 0.625984375 0.02859375 0.075984375
0 0.040531250000000005 0.46020312499999994 0.04009375 0.069515625
0 0.576171875 0.624515625 0.02828125 0.076296875
0 0.771484375 0.3986875 0.028171875000000002 0.059750000000000004
0 0.505859375 0.284421875 0.02409375 0.051359375
0 0.302484375 0.619625 0.036078125 0.07434375
0 0.43920312499999997 0.622078125 0.033015625 0.08196875
0 0.116328125 0.29028125 0.032468750000000005 0.05234375
0 0.40234375 0.625484375 0.03278125 0.07159375
0 0.2944375 0.45996875 0.03403125 0.06928125
0 0.474125 0.62353125 0.031734374999999995 0.0779375
0 0.06928125 0.45629687499999994 0.04434375 0.0730625
0 0.1903125 0.61571875 0.042484375000000005 0.080625
0 0.5234375 0.395515625 0.025328125 0.054203125
0 0.427734375 0.461421875 0.02790625 0.067328125
0 0.673828125 0.2836875 0.020921875 0.0531875
0 0.55078125 0.456546875 0.025046875000000003 0.07409375
0 0.197390625 0.400875 0.03371875 0.052515624999999996
0 0.374515625 0.2890625 0.025421875 0.05242187499999999
0 0.488765625 0.45873437499999997 0.029375000000000002 0.072875
0 0.17821875 0.45923437500000003 0.037203125 0.0703125
0 0.286625 0.286140625 0.028437499999999998 0.0546875
0 0.263671875 0.46484375 0.0365625 0.068546875
0 0.72803125 0.630375 0.030375000000000003 0.07921875
0 0.68896875 0.62646875 0.02865625 0.07396875
0 0.279296875 0.40234375 0.033265625 0.06021875
0 0.494140625 0.396484375 0.026921875 0.053500000000000006
0 0.582515625 0.45824999999999994 0.0263125 0.0754375
0 0.1171875 0.400875 0.0364375 0.054593749999999996
0 0.427734375 0.281984375 0.02521875 0.05696875
0 0.520515625 0.45776562500000006 0.02828125 0.07434375
0 0.69678125 0.2268125 0.024140625 0.04321875
0 0.56103125 0.283453125 0.021812500000000002 0.047515625
0 0.185796875 0.28759375 0.029031249999999998 0.054593749999999996
0 0.6538125 0.62646875 0.027437499999999997 0.07453125000000001
0 0.307375 0.40625 0.032234374999999996 0.0570625
0 0.55225 0.3933125 0.023703125 0.05878124999999999
0 0.453125 0.28759375 0.02346875 0.052828125000000004
0 0.16699999999999998 0.40404687499999997 0.034359375 0.050812500000000003
0 0.237546875 0.28809375 0.030859375 0.055937499999999994
0 0.210578125 0.288578125 0.0315625 0.056125
0 0.74365625 0.458984375 0.030671874999999998 0.073859375
0 0.71728125 0.13184374999999998 0.022984375 0.05450000000000001
0 0.47876562500000003 0.290765625 0.024 0.046390625000000005
0 0.6171875 0.2785625 0.02271875 0.05865625
0 0.22240625 0.619140625 0.04009375 0.0779375
0 0.729984375 0.27709375 0.02390625 0.055421874999999995
0 0.4350625 0.238640625 0.025171875 0.042328125
0 0.67871875 0.38671875 0.025046875000000003 0.0624375
0 0.61571875 0.39696875 0.023140625 0.050046875000000005
0 0.613765625 0.45482812499999997 0.023734375 0.07575
0 0.140265625 0.29053125 0.03359375 0.054593749999999996
0 0.08978125 0.292484375 0.032109375 0.051937500000000004
0 0.255609375 0.620609375 0.040531250000000005 0.07764062499999999
0 0.253421875 0.398921875 0.033078125 0.05759375
0 0.34009375 0.28809375 0.028218749999999997 0.05603125
0 0.679203125 0.46068749999999997 0.02828125 0.0755625
0 0.58740625 0.2836875 0.021703125 0.049953125
0 0.76075 0.276609375 0.023515625000000002 0.057796875000000004
0 0.435546875 0.399171875 0.027265624999999998 0.051546875000000006
0 0.36596875 0.458984375 0.03028125 0.06915625
0 0.52978125 0.281 0.02175 0.056640625
0 0.04690625 0.29321875 0.031796875 0.052125
0 0.76709375 0.129765625 0.025265625000000003 0.05184375
0 0.15771875 0.618171875 0.044 0.081359375
0 0.683109375 0.024890625 0.020140625000000002 0.04434375
0 0.53809375 0.233890625 0.022078125 0.046718749999999996
0 0.396484375 0.45971875000000006 0.028328125 0.06928125
0 0.402828125 0.2890625 0.023859375 0.05225
0 0.1433125 0.403328125 0.034828125 0.052031249999999994
0 0.512203125 0.235109375 0.02521875 0.047093750000000004
0 0.586921875 0.39696875 0.02390625 0.051546875000000006
0 0.617671875 0.230953125 0.0206875 0.041140625
0 0.649421875 0.4585 0.025046875000000003 0.07195312499999999
0 0.065734375 0.400875 0.03671875 0.05632812499999999
0 0.73828125 0.395015625 0.024656249999999998 0.060765625000000004
0 0.017390625 0.46240625 0.03478125 0.06804687499999999
0 0.6430625 0.22985937500000003 0.021015625 0.04328125
0 0.792 0.12865625 0.023234374999999998 0.05071875
0 0.223390625 0.40478125 0.0376875 0.052609375
0 0.70459375 0.024 0.019296874999999998 0.043359375
0 0.76171875 0.630375 0.03521875 0.081671875
0 0.743171875 0.135859375 0.022375 0.04553125
0 0.64696875 0.388421875 0.025671875 0.0676875
0 0.46215624999999994 0.23424999999999999 0.02303125 0.046484375
0 0.091546875 0.399421875 0.035953125 0.058562499999999997
0 0.665046875 0.09912499999999999 0.0199375 0.042640625
0 0.8178750000000001 0.46264062499999997 0.034765625 0.0674375
0 0.373046875 0.614265625 0.032953125 0.079046875
0 0.125734375 0.61475 0.036890624999999996 0.07653125
0 0.042328125 0.40307812500000006 0.038703125 0.054109375
0 0.2629375 0.286375 0.029312500000000002 0.059109375
0 0.38940625 0.23828125 0.0268125 0.04803125
0 0.789546875 0.271484375 0.02665625 0.059546875
0 0.465828125 0.39746875 0.02784375 0.0548125
0 0.613765625 0.624515625 0.028328125 0.07965625
0 0.019453124999999998 0.39965625 0.0364375 0.056640625
0 0.72559375 0.228265625 0.022421875 0.043953124999999996
0 0.798828125 0.629390625 0.03515625 0.0888125
0 0.06878125 0.610359375 0.046015625 0.08709375
0 0.735359375 0.095515625 0.020374999999999997 0.037390625
0 0.09601562500000001 0.16271875 0.03125 0.047
0 0.688484375 0.09484375 0.021015625 0.043515625
0 0.76075 0.09234375 0.02059375 0.03634375
0 0.753421875 0.228265625 0.02203125 0.041234375000000004
0 0.83984375 0.388671875 0.03409375 0.068296875
0 0.67040625 0.223390625 0.02303125 0.048671874999999996
0 0.750984375 0.024 0.020890625 0.041625
0 0.0350625 0.61328125 0.04321875 0.06903125
0 0.40795312499999997 0.40209374999999997 0.028328125 0.053984374999999994
0 0.852546875 0.463875 0.03621875 0.07520312500000001
0 0.667484375 0.138671875 0.017906250000000002 0.040015625
0 0.77978125 0.462890625 0.02759375 0.05834375000000001
0 0.711421875 0.45996875 0.027218750000000003 0.0730625
0 0.708984375 0.39746875 0.025171875 0.05834375000000001
0 0.353515625 0.39965625 0.033265625 0.059875
0 0.34009375 0.46020312499999994 0.031671875 0.068296875
0 0.64453125 0.276609375 0.021234375 0.056859375000000004
0 0.8032187499999999 0.396 0.033328125 0.0703125
0 0.3669375 0.148796875 0.02225 0.04921875
0 0.81640625 0.0196875 0.023765625000000002 0.038609375
0 0.56396875 0.22949999999999998 0.02165625 0.04690625
0 0.019015625 0.302 0.031140624999999998 0.04525
0 0.04153125 0.254390625 0.031671875 0.041234375000000004
0 0.79540625 0.020640625000000003 0.021234375 0.03896875
0 0.778328125 0.22570312499999998 0.02409375 0.041625
0 0.01490625 0.16515625 0.029484375 0.038906249999999996
0 0.15918749999999998 0.241453125 0.02790625 0.040921875
0 0.029640624999999997 0.720703125 0.047609374999999995 0.095515625
0 0.210578125 0.9262656249999999 0.047796875 0.098578125
0 0.774421875 0.020890625 0.018796874999999998 0.041796875
0 0.51025 0.733890625 0.03284375 0.09234375
0 0.8051718749999999 0.222171875 0.025796875000000004 0.042578125
0 0.818359375 0.2736875 0.026859375 0.059328124999999995
0 0.9716875 0.53515625 0.038906249999999996 0.078484375
0 0.06153125 0.723640625 0.051265625 0.097234375
0 0.784671875 0.08251562500000001 0.022984375 0.038546875
0 0.301515625 0.724125 0.03875 0.078484375
0 0.8374062500000001 0.6328125 0.039281250000000004 0.08978125
0 0.07921875 0.065609375 0.032953125 0.030734375
0 0.21228125000000003 0.0238125 0.02784375 0.029640624999999997
0 0.87890625 0.6381875 0.04296875 0.085265625
0 0.840828125 0.01809375 0.0235625 0.0361875
0 0.250734375 0.02215625 0.021156249999999998 0.028437499999999998
0 0.26075 0.728515625 0.0456875 0.09929687499999999
0 0.495125 0.19409375 0.02475 0.050234375
0 0.9545937500000001 0.45873437499999997 0.032109375 0.0468125
0 0.010421875 0.714359375 0.02084375 0.079890625
0 0.252203125 0.9340781249999999 0.045875 0.0965625
0 0.77734375 0.7265625 0.04015625 0.071234375
0 0.9404375 0.402828125 0.036828125 0.05571875
0 0.17871874999999998 0.727546875 0.04434375 0.0989375
0 0.093328125 0.03615625 0.03353125 0.02475
0 0.011828125 0.06009375 0.0229375 0.031609375
0 0.010578124999999999 0.077515625 0.021171875 0.03615625
0 0.701171875 0.9585000000000001 0.031203124999999998 0.07965625
0 0.755375 0.94825 0.035546875 0.098078125
0 0.164796875 0.9350625000000001 0.048859375 0.08251562500000001
0 0.12250000000000001 0.927734375 0.047515625 0.09503125
0 0.728515625 0.72559375 0.03390625 0.09125
0 0.899421875 0.732421875 0.064640625 0.055203125
0 0.9848593749999999 0.6279375 0.02859375 0.07934375
0 0.39990625 0.9526406250000001 0.04153125 0.0856875
0 0.9292031250000001 0.857421875 0.08228125 0.063046875
0 0.908203125 0.7890625 0.064265625 0.057374999999999995
0 0.108765625 0.01103125 0.0365625 0.021359375
0 0.24909374999999997 0.23960937499999999 0.027328124999999998 0.039921875
0 0.260078125 0.15428124999999998 0.021968750000000002 0.04184375
0 0.180953125 0.05728124999999999 0.021249999999999998 0.036734375
0 0.16234375 0.058796875000000005 0.015125 0.0335625
0 0.1428125 0.060890625 0.020484375 0.0325625
0 0.15565625 0.0295 0.02265625 0.026859375
0 0.199375 0.056109374999999996 0.016609375000000003 0.034390625
0 0.17528125 0.025640625 0.01884375 0.022515625
0 0.23893749999999997 0.05298437499999999 0.01946875 0.029109375
0 0.21976562500000002 0.0530625 0.02015625 0.036546875
0 0.1715 0.15726562500000002 0.023453125 0.045875
0 0.150203125 0.15823437499999998 0.0188125 0.037765625000000004
0 0.13 0.15996875 0.022765625 0.040875
0 0.215046875 0.15528124999999998 0.021109375 0.035796875
0 0.34665625 0.23907812499999997 0.025718750000000002 0.0448125