0 0.8168906249999999 0.460453125 0.029703125000000004 0.072625
0 0.727546875 0.625984375 0.032468750000000005 0.07946875
0 0.728515625 0.72559375 0.034703125 0.08692187500000001
0 0.253421875 0.621578125 0.039640625 0.076421875
0 0.163328125 0.289546875 0.03259375 0.053890625000000004
0 0.371578125 0.62109375 0.036984375 0.08196875
0 0.397953125 0.04525 0.020171875 0.04046875
0 0.4609375 0.23584375 0.025078125 0.0531875
0 0.2319375 0.46484375 0.03753125 0.061312500000000006
0 0.9848593749999999 0.61475 0.029593750000000002 0.074765625
0 0.0675625 0.40307812500000006 0.03540625 0.0548125
0 0.741703125 0.3984375 0.027640625000000002 0.062921875
0 0.8803750000000001 0.633796875 0.040921875 0.08209375
0 0.8081093750000001 0.633296875 0.0350625 0.0885
0 0.7836875 0.4609375 0.031140624999999998 0.072078125
0 0.770015625 0.632328125 0.033484375 0.083125
0 0.701171875 0.2736875 0.0229375 0.057921875
0 0.712890625 0.45996875 0.028328125 0.0700625
0 0.8081093750000001 0.396234375 0.030859375 0.0624375
0 0.10968750000000001 0.16259375 0.029421874999999997 0.043453124999999995
0 0.560546875 0.279046875 0.024234375 0.05500000000000001
0 0.30371875 0.15478125 0.025750000000000002 0.037593749999999995
0 0.67821875 0.45824999999999994 0.02759375 0.06118749999999999
0 0.473140625 0.14990625 0.02178125 0.0416875
0 0.666015625 0.137328125 0.022078125 0.0485
0 0.616703125 0.278328125 0.022296875 0.053500000000000006
0 0.166265625 0.935546875 0.045875 0.08209375
0 0.40478125 0.151 0.02475 0.043703124999999995
0 0.776859375 0.727046875 0.03803125 0.072078125
0 0.757328125 0.27221875 0.0231875 0.057921875
0 0.301765625 0.724609375 0.036984375 0.076109375
0 0.787109375 0.272703125 0.0255625 0.059203125
0 0.429203125 0.285890625 0.025171875 0.051359375
0 0.480953125 0.28490625 0.026000000000000002 0.058015625
0 0.286859375 0.28809375 0.028968749999999998 0.053984374999999994
0 0.23914062500000002 0.15259375 0.025718750000000002 0.046015625
0 0.40454687500000003 0.623046875 0.03359375 0.074765625
0 0.103390625 0.727546875 0.046390625000000005 0.084171875
0 0.69140625 0.626953125 0.031921875 0.085578125
0 0.1326875 0.159296875 0.028703125000000003 0.044859375
0 0.551765625 0.03634375 0.019609375000000002 0.04046875
0 0.652828125 0.62353125 0.027953125000000002 0.086296875
0 0.64746875 0.458015625 0.025124999999999998 0.0678125
0 0.593265625 0.10393749999999999 0.018484375 0.037109375
0 0.0705625 0.293453125 0.033265625 0.050234375
0 0.588375 0.230953125 0.0225 0.04559375
0 0.25390625 0.9370156250000001 0.04153125 0.089109375
0 0.143796875 0.7216875 0.0468125 0.08978125
0 0.3779375 0.286140625 0.029484375 0.0570625
0 0.260984375 0.297125 0.028375 0.047234375
0 0.599125 0.729984375 0.03259375 0.091375
0 0.142578125 0.40356249999999994 0.03628125 0.051265625
0 0.01784375 0.46118750000000003 0.035671875 0.065125
0 0.149046875 0.46240625 0.03678125 0.072078125
0 0.61571875 0.39453125 0.0229375 0.0624375
0 0.026765624999999998 0.7216875 0.0505 0.092828125
0 0.474125 0.62403125 0.028546875 0.07520312500000001
0 0.114375 0.9301718749999999 0.038906249999999996 0.086296875
0 0.33178125 0.053890625000000004 0.020140625000000002 0.033015625
0 0.0888125 0.16296875 0.031015625 0.043609375
0 0.18067187499999998 0.05834375000000001 0.025374999999999998 0.03896875
0 0.8188437499999999 0.268796875 0.028937499999999998 0.06867187500000001
0 0.295171875 0.048671874999999996 0.022984375 0.038390625
0 0.19043749999999998 0.619140625 0.040531250000000005 0.078796875
0 0.31225 0.11920312500000001 0.02521875 0.03540625
0 0.20996874999999998 0.12493749999999999 0.0260625 0.03234375
0 0.23718750000000002 0.053984374999999994 0.0238125 0.03796875
0 0.613765625 0.45776562500000006 0.0235625 0.067203125
0 0.15746875 0.617671875 0.03746875 0.0755625
0 0.384515625 0.23815624999999999 0.028703125000000003 0.04459375
0 0.2605 0.727046875 0.04428125 0.098265625
0 0.20606249999999998 0.4609375 0.03534375 0.063046875
0 0.578125 0.621578125 0.025796875000000004 0.085875
0 0.305171875 0.616703125 0.039859375 0.0833125
0 0.22131249999999997 0.618171875 0.039640625 0.08196875
0 0.524421875 0.40112500000000006 0.025671875 0.055203125
0 0.09618750000000001 0.399171875 0.03753125 0.059750000000000004
0 0.5444375 0.6225625 0.027218750000000003 0.08251562500000001
0 0.49145312499999994 0.39696875 0.02615625 0.0625625
0 0.29809375 0.240484375 0.028703125000000003 0.042015625
0 0.43432812500000006 0.621578125 0.037328125000000004 0.082390625
0 0.252203125 0.40478125 0.033328125 0.05728124999999999
0 0.06409375 0.610359375 0.04428125 0.0809375
0 0.44506249999999997 0.9506875000000001 0.03228125 0.0861875
0 0.040921875 0.4038125 0.038906249999999996 0.049859375
0 0.45873437499999997 0.45946875 0.02975 0.06982812499999999
0 0.411625 0.11359375000000001 0.020765625 0.031984374999999995
0 0.509765625 0.61621875 0.026265624999999997 0.085265625
0 0.58203125 0.46118750000000003 0.024703125 0.06384375
0 0.33959375 0.284671875 0.0305 0.05645312500000001
0 0.807625 0.21753125 0.026546874999999998 0.04690625
0 0.034765625 0.61328125 0.040531250000000005 0.065375
0 0.490234375 0.46215624999999994 0.027109375 0.061984375
0 0.17821875 0.4609375 0.03678125 0.05696875
0 0.61571875 0.620609375 0.029593750000000002 0.095703125
0 0.35034375 0.40746874999999994 0.0304375 0.054109375
0 0.340828125 0.46410937499999994 0.032109375 0.058015625
0 0.58496875 0.39478125 0.024656249999999998 0.063359375
0 0.307859375 0.40209374999999997 0.0304375 0.056640625
0 0.21192187499999998 0.9213906250000001 0.048578125 0.09875
0 0.094171875 0.46875 0.043703124999999995 0.058015625
0 0.349609375 0.237796875 0.029031249999999998 0.047234375
0 0.54540625 0.954109375 0.029921874999999997 0.08446875000000001
0 0.367921875 0.461421875 0.029984375 0.06671875000000001
0 0.434078125 0.014828125000000001 0.02175 0.029671874999999997
0 0.07159375 0.2476875 0.03934375 0.05625
0 0.36353125 0.01665625 0.0206875 0.0315625
0 0.2629375 0.46410937499999994 0.038171875 0.067203125
0 0.294921875 0.4609375 0.03265625 0.066828125
0 0.3986875 0.46167187500000006 0.029703125000000004 0.0701875
0 0.20178124999999997 0.056859375000000004 0.023078124999999998 0.03671875
0 0.015671875 0.602046875 0.031078125 0.073421875
0 0.520515625 0.45971875000000006 0.026203125 0.0705625
0 0.090875 0.61475 0.044921875 0.0700625
0 0.753421875 0.94825 0.031375 0.095703125
0 0.551765625 0.458015625 0.024609375 0.066828125
0 0.430171875 0.45923437500000003 0.029031249999999998 0.06982812499999999
0 0.040015625 0.46020312499999994 0.03896875 0.065609375
0 0.555171875 0.39746875 0.025421875 0.058140625
0 0.38134375 0.3981875 0.02753125 0.058562499999999997
0 0.12609375 0.611328125 0.04303125 0.081359375
0 0.0679375 0.46240625 0.038546875 0.063359375
0 0.5 0.954109375 0.035609375 0.08301562500000001
0 0.278328125 0.403328125 0.03365625 0.054296875
0 0.434578125 0.400390625 0.0298125 0.051265625
0 0.10706249999999999 0.130375 0.028218749999999997 0.027796875
0 0.700203125 0.95996875 0.029203125000000003 0.075984375
0 0.9184531249999999 0.836921875 0.075015625 0.06476562500000001
0 0.142328125 0.064203125 0.024281249999999997 0.034828125
0 0.9008749999999999 0.7373125 0.074640625 0.0548125
0 0.21301562500000001 0.027265624999999998 0.025046875000000003 0.029875000000000002
0 0.009234375 0.19434374999999998 0.01815625 0.031921875
0 0.41040625000000003 0.387703125 0.026500000000000003 0.065984375
0 0.060421875 0.090765625 0.036625000000000005 0.0304375
0 0.15771875 0.03278125 0.0260625 0.03028125
0 0.01559375 0.0403125 0.031171874999999998 0.0305
0 0.2680625 0.02225 0.020890625 0.03028125
0 0.030921874999999998 0.13903125 0.037203125 0.031375
0 0.70165625 0.006671874999999999 0.01628125 0.013125000000000001
0 0.306390625 0.017015625 0.019015625 0.03403125
0 0.08496875000000001 0.047515625 0.032718750000000005 0.030375000000000003
0 0.038703125 0.12140625000000001 0.036625000000000005 0.025171875
0 0.1743125 0.03253125 0.026546874999999998 0.03359375
0 0.9106406249999999 0.786625 0.06621875 0.055937499999999994
0 0.10931249999999999 0.0110625 0.03371875 0.02165625
0 0.286375 0.02009375 0.02271875 0.0305625
0 0.10015624999999999 0.023375 0.032953125 0.0249375
0 0.052515624999999996 0.10760937500000001 0.030046875 0.026000000000000002
0 0.008859375 0.712890625 0.017703125 0.0753125
0 0.1953125 0.0288125 0.02190625 0.029484375
0 0.012453124999999999 0.066828125 0.024906249999999998 0.040531250000000005
0 0.008109375 0.400875 0.016203125 0.049859375