0 0.8520468749999999 0.46118750000000003 0.034484375 0.0753125
0 0.8168906249999999 0.45873437499999997 0.031078125 0.07275000000000001
0 0.72803125 0.7265625 0.03534375 0.090875
0 0.37109375 0.621578125 0.03540625 0.080625
0 0.253421875 0.622078125 0.03875 0.07575
0 0.72803125 0.625984375 0.03228125 0.080625
0 0.163453125 0.290046875 0.033015625 0.053796875
0 0.479984375 0.10796874999999999 0.021328125 0.041234375000000004
0 0.985265625 0.61475 0.02946875 0.07520312500000001
0 0.880859375 0.63184375 0.0391875 0.08106250000000001
0 0.46118750000000003 0.23546874999999998 0.025046875000000003 0.05340625
0 0.0675625 0.4038125 0.034937499999999996 0.056125
0 0.784671875 0.46215624999999994 0.032046875 0.072515625
0 0.23376562500000003 0.46606249999999994 0.03790625 0.06085937500000001
0 0.19653125 0.401859375 0.03621875 0.06659375
0 0.7421875 0.399421875 0.026703125 0.062921875
0 0.30321875 0.155390625 0.026453125 0.037046875
0 0.165765625 0.935546875 0.0468125 0.083125
0 0.109125 0.163203125 0.029984375 0.043125000000000004
0 0.7788125 0.733890625 0.0419375 0.08434375
0 0.70165625 0.273921875 0.022765625 0.057499999999999996
0 0.75684375 0.27221875 0.023375 0.057374999999999995
0 0.9560625 0.47265625 0.037046875 0.071046875
0 0.67821875 0.45824999999999994 0.027734375 0.06085937500000001
0 0.56103125 0.279046875 0.0238125 0.05440625
0 0.301765625 0.724609375 0.037593749999999995 0.075984375
0 0.429203125 0.286375 0.025046875000000003 0.051171875
0 0.8081093750000001 0.396 0.030796875 0.0614375
0 0.770015625 0.6328125 0.033078125 0.08301562500000001
0 0.807625 0.633796875 0.034359375 0.088015625
0 0.3044375 0.617671875 0.036015625 0.0834375
0 0.49096875000000006 0.03790625 0.01815625 0.03790625
0 0.787109375 0.2731875 0.025625 0.059546875
0 0.6665 0.13770312499999998 0.021984375 0.048859375
0 0.616703125 0.277828125 0.022328124999999997 0.053093749999999995
0 0.10320312499999999 0.727546875 0.047609374999999995 0.08434375
0 0.8452187500000001 0.630859375 0.039281250000000004 0.090765625
0 0.1326875 0.159671875 0.029984375 0.04428125
0 0.480953125 0.28540625 0.026546874999999998 0.058234375000000005
0 0.286859375 0.28809375 0.028875 0.053796875
0 0.69140625 0.626953125 0.031984374999999995 0.085875
0 0.404296875 0.623046875 0.03365625 0.074640625
0 0.23815624999999999 0.152953125 0.026000000000000002 0.045953125
0 0.652828125 0.62353125 0.02828125 0.0856875
0 0.593265625 0.104125 0.017578125 0.036015625
0 0.473140625 0.150140625 0.02203125 0.0419375
0 0.14428125 0.722171875 0.047609374999999995 0.090265625
0 0.551765625 0.035828125 0.019421874999999998 0.040828125
0 0.093015625 0.292484375 0.03515625 0.050234375
0 0.599125 0.7295 0.033265625 0.091734375
0 0.647953125 0.458015625 0.0263125 0.067203125
0 0.261234375 0.29809375 0.028109375 0.046625
0 0.017656250000000002 0.46167187500000006 0.035328125 0.06525
0 0.142453125 0.404296875 0.038109375 0.053984374999999994
0 0.253421875 0.9375 0.040765625 0.088984375
0 0.211421875 0.923828125 0.047515625 0.09929687499999999
0 0.43481249999999994 0.62109375 0.03515625 0.081359375
0 0.40503125000000006 0.1538125 0.024390625 0.042078125
0 0.21032812500000003 0.125484375 0.0263125 0.03253125
0 0.71240625 0.45971875000000006 0.029921874999999997 0.07195312499999999
0 0.33203125 0.05440625 0.02034375 0.03365625
0 0.0235625 0.297859375 0.038234375 0.050046875000000005
0 0.0885 0.163703125 0.031609375 0.043953124999999996
0 0.312984375 0.11950000000000001 0.02475 0.0364375
0 0.11395312500000002 0.9301718749999999 0.038109375 0.085578125
0 0.259765625 0.729 0.04690625 0.09753125
0 0.47435937499999997 0.62403125 0.028765625 0.07665625000000001
0 0.22156250000000002 0.618171875 0.038390625 0.08154687499999999
0 0.61571875 0.393796875 0.0219375 0.06096875
0 0.7085 0.3935625 0.0280625 0.068296875
0 0.41185937499999997 0.11456249999999998 0.022078125 0.03521875
0 0.190671875 0.619625 0.0390625 0.078921875
0 0.5703125 0.1065 0.0189375 0.038906249999999996
0 0.0260625 0.7216875 0.050234375 0.093203125
0 0.034765625 0.61475 0.041140625 0.06659375
0 0.23718750000000002 0.053796875 0.0249375 0.038234375
0 0.156734375 0.617671875 0.036984375 0.07575
0 0.297859375 0.240484375 0.029031249999999998 0.04178125
0 0.8081093750000001 0.22204687500000003 0.027484375 0.04921875
0 0.0705625 0.292 0.03284375 0.04940625
0 0.384515625 0.23840625000000001 0.02865625 0.046484375
0 0.094671875 0.466796875 0.044437500000000005 0.06085937500000001
0 0.295171875 0.048765625 0.023421875 0.038703125
0 0.06359375 0.611328125 0.045203125 0.08196875
0 0.041625 0.40356249999999994 0.039859375 0.050421875000000005
0 0.09668750000000001 0.39965625 0.038546875 0.060421875
0 0.377203125 0.287359375 0.028484375 0.054906250000000004
0 0.8188437499999999 0.2683125 0.029203125000000003 0.0678125
0 0.091734375 0.6171875 0.043765625 0.069390625
0 0.458984375 0.45923437500000003 0.029484375 0.06928125
0 0.30859375 0.40112500000000006 0.02859375 0.05571875
0 0.177859375 0.463875 0.03634375 0.051765625
0 0.015671875 0.602546875 0.031078125 0.074765625
0 0.363765625 0.016984375 0.020515625000000003 0.031609375
0 0.18067187499999998 0.058140625 0.02590625 0.039640625
0 0.613765625 0.45873437499999997 0.02409375 0.065859375
0 0.578125 0.622078125 0.025468750000000002 0.0833125
0 0.52490625 0.40160937499999994 0.025468750000000002 0.05603125
0 0.543453125 0.622078125 0.027109375 0.08196875
0 0.490234375 0.46167187500000006 0.0268125 0.061312500000000006
0 0.349859375 0.23742187499999998 0.029484375 0.04690625
0 0.44506249999999997 0.951171875 0.03259375 0.086609375
0 0.61621875 0.620609375 0.029984375 0.09515625
0 0.2629375 0.46459374999999997 0.03796875 0.066953125
0 0.5859375 0.392328125 0.023859375 0.0625625
0 0.491703125 0.3981875 0.02640625 0.06281250000000001
0 0.22570312499999998 0.40650000000000003 0.034765625 0.054296875
0 0.3981875 0.46215624999999994 0.030734375 0.069640625
0 0.29565625 0.460453125 0.03265625 0.067203125
0 0.33984375 0.284671875 0.030921874999999998 0.056859375000000004
0 0.20593750000000002 0.46118750000000003 0.037593749999999995 0.064390625
0 0.51025 0.6171875 0.02615625 0.085265625
0 0.12598437499999998 0.611328125 0.042078125 0.081671875
0 0.3513125 0.40599999999999997 0.029640624999999997 0.05292187499999999
0 0.43042187500000006 0.45971875000000006 0.029031249999999998 0.0701875
0 0.3410625 0.46410937499999994 0.03365625 0.058437499999999996
0 0.040921875 0.45971875000000006 0.040984375 0.065609375
0 0.0731875 0.24328124999999998 0.037328125000000004 0.04715625
0 0.582515625 0.46020312499999994 0.025078125 0.0625625
0 0.20129687500000001 0.056859375000000004 0.024890625 0.03634375
0 0.43432812500000006 0.01484375 0.021203125 0.0296875
0 0.544921875 0.9545937500000001 0.030328125 0.085390625
0 0.43529687499999997 0.40014062499999997 0.029484375 0.05014062500000001
0 0.279046875 0.40356249999999994 0.03234375 0.05571875
0 0.1066875 0.13025 0.0314375 0.028546875
0 0.521484375 0.45946875 0.0260625 0.07079687500000001
0 0.7006875 0.9604531250000001 0.0298125 0.07585937499999999
0 0.5546875 0.39696875 0.025046875000000003 0.0571875
0 0.068171875 0.46215624999999994 0.0391875 0.06384375
0 0.7529375 0.94825 0.033328125 0.096375
0 0.55225 0.45873437499999997 0.024796875 0.066953125
0 0.369625 0.461921875 0.030625000000000003 0.06671875000000001
0 0.2526875 0.40503125000000006 0.03353125 0.055937499999999994
0 0.142828125 0.064875 0.024421875000000003 0.032953125
0 0.500484375 0.9545937500000001 0.034937499999999996 0.083625
0 0.380859375 0.3986875 0.026765624999999998 0.0571875
0 0.048578125 0.25390625 0.038109375 0.042640625
0 0.9418906249999999 0.786625 0.067203125 0.053015625
0 0.41040625000000003 0.387703125 0.026703125 0.06359375
0 0.21301562500000001 0.027265624999999998 0.02475 0.030109375
0 0.9282187499999999 0.837890625 0.05645312500000001 0.06085937500000001
0 0.10540624999999999 0.018187500000000002 0.042328125 0.03528125
0 0.031140624999999998 0.137328125 0.03875 0.03515625
0 0.306390625 0.016718749999999998 0.0190625 0.033437499999999995
0 0.15734375 0.032890625 0.026765624999999998 0.031140624999999998
0 0.06029687500000001 0.090390625 0.037390625 0.030625000000000003
0 0.014734375 0.040828125 0.02946875 0.029703125000000004
0 0.269046875 0.020921875 0.02303125 0.030109375
0 0.70165625 0.00671875 0.01634375 0.0130625
0 0.009156250000000001 0.19775 0.017906250000000002 0.034609375
0 0.177125 0.031734374999999995 0.028015625 0.033390625
0 0.05225 0.108578125 0.03234375 0.027953125000000002
0 0.01178125 0.0678125 0.023546875000000002 0.03896875
0 0.047234375 0.124078125 0.031671875 0.02975
0 0.286859375 0.019609375000000002 0.021328125 0.029203125000000003
0 0.008796875 0.7109375 0.01759375 0.072875
0 0.11840625 0.005640625 0.025078125 0.01065625
0 0.0081875 0.40160937499999994 0.016390625 0.05059375000000001