0 0.664546875 0.094359375 0.02153125 0.044765624999999996
0 0.410640625 0.402828125 0.03378125 0.062109375
0 0.18371875 0.23315625 0.028437499999999998 0.047
0 0.09875 0.615234375 0.0416875 0.06903125
0 0.0315 0.6123125 0.0479375 0.06804687499999999
0 0.02096875 0.40795312499999997 0.041328125 0.055203125
0 0.778328125 0.22778125 0.027328124999999998 0.04803125
0 0.04453125 0.294671875 0.027640625000000002 0.0505
0 0.337890625 0.11920312500000001 0.025750000000000002 0.035734375
0 0.9827031249999999 0.6045 0.03459375 0.073421875
0 0.2109375 0.122125 0.029875000000000002 0.042484375000000005
0 0.292484375 0.119015625 0.02753125 0.04146875
0 0.739265625 0.095890625 0.021406249999999998 0.04328125
0 0.716796875 0.138796875 0.021124999999999998 0.038453125
0 0.703609375 0.275640625 0.025 0.052828125000000004
0 0.651859375 0.46728125 0.031078125 0.06671875000000001
0 0.311765625 0.286625 0.027687499999999997 0.058234375000000005
0 0.11181250000000001 0.12878125 0.025750000000000002 0.04434375
0 0.524421875 0.40064062500000003 0.030796875 0.058140625
0 0.3776875 0.288578125 0.02640625 0.052125
0 0.43384375000000003 0.11200000000000002 0.021203125 0.04303125
0 0.23424999999999999 0.460453125 0.036625000000000005 0.06371875
0 0.203375 0.462890625 0.036984375 0.06928125
0 0.559578125 0.281984375 0.027796875 0.04978125
0 0.469234375 0.040921875 0.020015625000000002 0.040375
0 0.75 0.46654687499999997 0.030734375 0.07409375
0 0.65478125 0.610359375 0.032171875 0.08978125
0 0.46654687499999997 0.39721875 0.0280625 0.064515625
0 0.448734375 0.047093750000000004 0.021984375 0.033265625
0 0.306390625 0.02021875 0.020015625000000002 0.030625000000000003
0 0.640625 0.034937499999999996 0.020515625000000003 0.033015625
0 0.8784218750000001 0.63134375 0.04046875 0.084171875
0 0.8051718749999999 0.632328125 0.03515625 0.093875
0 0.353265625 0.40014062499999997 0.035671875 0.055609375
0 0.42798437500000003 0.46753125000000006 0.031015625 0.064640625
0 0.555171875 0.45996875 0.029203125000000003 0.065484375
0 0.50634375 0.28246875 0.02590625 0.06281250000000001
0 0.21081249999999999 0.296625 0.034187499999999996 0.047421875
0 0.50684375 0.10265625 0.022671875 0.04296875
0 0.412109375 0.61475 0.031796875 0.084046875
0 0.49096875000000006 0.04046875 0.0206875 0.0406875
0 0.70459375 0.02365625 0.021015625 0.041234375000000004
0 0.1169375 0.294671875 0.03403125 0.042875
0 0.47192187499999994 0.620125 0.033484375 0.082703125
0 0.192265625 0.613765625 0.037593749999999995 0.07396875
0 0.149046875 0.46654687499999997 0.043609375 0.06221875
0 0.228265625 0.237796875 0.029593750000000002 0.04959375
0 0.39990625 0.04840625 0.024515625 0.032718750000000005
0 0.018078125 0.462890625 0.03615625 0.064203125
0 0.590828125 0.23156249999999998 0.0245625 0.050328125
0 0.173703125 0.40528125 0.040375 0.053093749999999995
0 0.31640625 0.050812500000000003 0.024656249999999998 0.03259375
0 0.12365625 0.458984375 0.038234375 0.068171875
0 0.9174843750000001 0.8046875 0.07696875 0.059109375
0 0.692875 0.138796875 0.0229375 0.035890624999999995
0 0.462890625 0.462890625 0.032046875 0.069953125
0 0.04184375 0.46509375000000003 0.038453125 0.056125
0 0.939453125 0.411625 0.035484375 0.061765625000000005
0 0.437984375 0.23596875 0.02753125 0.05571875
0 0.356203125 0.053984374999999994 0.023375 0.032718750000000005
0 0.335453125 0.626953125 0.035671875 0.074640625
0 0.380375 0.11840625 0.025515624999999997 0.038390625
0 0.091546875 0.167609375 0.03378125 0.04025
0 0.45971875000000006 0.2366875 0.02390625 0.051000000000000004
0 0.045109375 0.25415625 0.034546875 0.045875
0 0.028875 0.722171875 0.054906250000000004 0.092046875
0 0.065375 0.45996875 0.04525 0.06634375
0 0.349359375 0.24096875 0.03125 0.06085937500000001
0 0.146484375 0.065 0.02828125 0.03359375
0 0.48315625000000006 0.281734375 0.026109375 0.05645312500000001
0 0.1481875 0.12103124999999999 0.027015624999999998 0.051000000000000004
0 0.216546875 0.16015625 0.027218750000000003 0.034546875
0 0.48657812500000003 0.2319375 0.021703125 0.04821875
0 0.23828125 0.057703125 0.02365625 0.0313125
0 0.367921875 0.016468749999999997 0.022078125 0.03240625
0 0.06982812499999999 0.2944375 0.03515625 0.053500000000000006
0 0.16040625 0.033328125 0.028015625 0.029921874999999997
0 0.370609375 0.154296875 0.02475 0.04271875
0 0.068171875 0.2476875 0.03384375 0.046546875
0 0.1743125 0.160765625 0.031734374999999995 0.034296875
0 0.32396875 0.0189375 0.018437500000000002 0.034609375
0 0.43432812500000006 0.01615625 0.022625 0.031984374999999995
0 0.904296875 0.735359375 0.069515625 0.055421874999999995
0 0.23071875 0.024390625 0.021484375 0.03634375
0 0.1951875 0.03125 0.02790625 0.032718750000000005
0 0.45532812500000003 0.01590625 0.01984375 0.031015625
0 0.248296875 0.022328124999999997 0.024796875 0.03671875
0 0.05440625 0.10393749999999999 0.042234375000000005 0.036984375
0 0.557625 0.011546875 0.0205625 0.022671875
0 0.093015625 0.03775 0.034828125 0.027015624999999998
0 0.931640625 0.8725625000000001 0.074640625 0.059546875
0 0.066828125 0.0755625 0.04015625 0.02975
0 0.23975 0.16040625 0.0315625 0.034999999999999996
0 0.344 0.016593749999999997 0.022109375 0.032234374999999996
0 0.017640625 0.181890625 0.034999999999999996 0.0479375
0 0.619625 0.0093125 0.018234375 0.018609375
0 0.640140625 0.008953125000000001 0.02059375 0.017640625
0 0.021046875 0.156984375 0.04009375 0.02753125
0 0.54053125 0.9506875000000001 0.031015625 0.092046875
0 0.10578125000000001 0.01196875 0.034421875000000005 0.023109374999999998
0 0.008765625 0.213375 0.01753125 0.031796875
0 0.025625 0.0391875 0.025750000000000002 0.029312500000000002
0 0.9096718750000001 0.29028125 0.023421875 0.02190625