0 0.47371875 0.62434375 0.0330625 0.07859374999999999
0 0.54296875 0.6274375 0.028171875000000002 0.075015625
0 0.508296875 0.62646875 0.029203125000000003 0.07585937499999999
0 0.299078125 0.6225625 0.035546875 0.07409375
0 0.45703125 0.46264062499999997 0.029703125000000004 0.06928125
0 0.253171875 0.622078125 0.03934375 0.07585937499999999
0 0.219484375 0.619625 0.038390625 0.0753125
0 0.57715625 0.625 0.028015625 0.076296875
0 0.335453125 0.620125 0.03540625 0.0753125
0 0.582515625 0.45996875 0.026609375 0.07195312499999999
0 0.488765625 0.458984375 0.02975 0.07171875
0 0.521484375 0.45873437499999997 0.027265624999999998 0.069953125
0 0.43896875 0.6225625 0.03359375 0.084046875
0 0.49439062500000003 0.396 0.02615625 0.05225
0 0.745125 0.45996875 0.029484375 0.072625
0 0.7631875 0.630859375 0.034828125 0.08106250000000001
0 0.23303124999999997 0.46264062499999997 0.03875 0.06804687499999999
0 0.6796875 0.461921875 0.02753125 0.072078125
0 0.8203125 0.462890625 0.034828125 0.065984375
0 0.7295 0.63134375 0.030734375 0.079046875
0 0.772953125 0.3981875 0.02753125 0.059750000000000004
0 0.5234375 0.396234375 0.02475 0.05500000000000001
0 0.552734375 0.392828125 0.022796875 0.057921875
0 0.1484375 0.45946875 0.03796875 0.067328125
0 0.739265625 0.39478125 0.0245625 0.06118749999999999
0 0.06621875 0.610359375 0.04428125 0.08478125
0 0.20373437499999997 0.46215624999999994 0.038906249999999996 0.0701875
0 0.177984375 0.45923437500000003 0.038546875 0.06982812499999999
0 0.371828125 0.614265625 0.032171875 0.07709375
0 0.40014062499999997 0.626953125 0.031015625 0.068296875
0 0.18859375 0.61571875 0.040984375 0.080203125
0 0.8071249999999999 0.39478125 0.03240625 0.064640625
0 0.42748437499999997 0.281734375 0.025718750000000002 0.057796875000000004
0 0.036984375 0.461421875 0.0416875 0.07171875
0 0.12042187499999998 0.461421875 0.039484375 0.063109375
0 0.507328125 0.281 0.027796875 0.061890625
0 0.3779375 0.40259375000000003 0.02865625 0.049140625
0 0.654296875 0.62646875 0.029140624999999996 0.0755625
0 0.617671875 0.27709375 0.02271875 0.059875
0 0.7915 0.270265625 0.027687499999999997 0.060765625000000004
0 0.647953125 0.38940625 0.02590625 0.06878125
0 0.064515625 0.458984375 0.040531250000000005 0.070671875
0 0.8549843750000001 0.46484375 0.035609375 0.0731875
0 0.70215625 0.2734375 0.022578124999999998 0.06009375
0 0.6904375 0.6279375 0.029875000000000002 0.07781249999999999
0 0.19434374999999998 0.40234375 0.037203125 0.0546875
0 0.25 0.40160937499999994 0.034703125 0.059546875
0 0.27709375 0.3981875 0.032234374999999996 0.0570625
0 0.614265625 0.45337500000000003 0.02328125 0.0754375
0 0.161015625 0.286859375 0.031671875 0.05225
0 0.8022500000000001 0.63428125 0.03534375 0.08446875000000001
0 0.140265625 0.4038125 0.03775 0.051000000000000004
0 0.55078125 0.45971875000000006 0.0235625 0.0679375
0 0.12250000000000001 0.61621875 0.038453125 0.0805
0 0.673828125 0.281 0.021984375 0.056859375000000004
0 0.11596875 0.40112500000000006 0.03621875 0.053890625000000004
0 0.614265625 0.625 0.029984375 0.0779375
0 0.365234375 0.458984375 0.029140624999999996 0.0679375
0 0.650390625 0.45776562500000006 0.024890625 0.07171875
0 0.698734375 0.22765624999999998 0.022421875 0.04321875
0 0.586921875 0.3981875 0.023734375 0.052515624999999996
0 0.06231250000000001 0.40064062500000003 0.036015625 0.053796875
0 0.680171875 0.384515625 0.026203125 0.068546875
0 0.719234375 0.13 0.022671875 0.054906250000000004
0 0.39428125 0.45971875000000006 0.02859375 0.06982812499999999
0 0.135859375 0.2890625 0.031984374999999995 0.05340625
0 0.42651562500000006 0.460453125 0.027687499999999997 0.068546875
0 0.512703125 0.23424999999999999 0.021484375 0.045109375
0 0.761234375 0.272703125 0.023953125 0.061640625000000004
0 0.562984375 0.22778125 0.02009375 0.047
0 0.068296875 0.291015625 0.034828125 0.053015625
0 0.58740625 0.279546875 0.02178125 0.051000000000000004
0 0.0886875 0.3986875 0.03540625 0.05571875
0 0.11474999999999999 0.289546875 0.031203124999999998 0.05234375
0 0.8754843749999999 0.63525 0.0376875 0.07934375
0 0.388421875 0.2370625 0.025 0.047703125
0 0.185671875 0.28784375 0.034359375 0.056125
0 0.019234375 0.296625 0.0365 0.054906250000000004
0 0.23351562499999998 0.289796875 0.03259375 0.058234375000000005
0 0.09009375 0.4585 0.03753125 0.068171875
0 0.53809375 0.234625 0.020640625000000003 0.04559375
0 0.039953125 0.40356249999999994 0.03621875 0.05184375
0 0.322015625 0.236328125 0.025796875000000004 0.047421875
0 0.64209375 0.22717187499999997 0.021203125 0.04453125
0 0.154421875 0.620125 0.0468125 0.08106250000000001
0 0.8422812499999999 0.38965625 0.034234375 0.073671875
0 0.263921875 0.46068749999999997 0.037328125000000004 0.0705625
0 0.346921875 0.240234375 0.02784375 0.04578125
0 0.337640625 0.46118750000000003 0.029921874999999997 0.06634375
0 0.7109375 0.3981875 0.02484375 0.057796875000000004
0 0.616703125 0.39721875 0.02409375 0.051453125
0 0.645015625 0.275140625 0.02203125 0.058562499999999997
0 0.030625000000000003 0.613765625 0.04453125 0.0703125
0 0.46410937499999994 0.3986875 0.028328125 0.053593749999999996
0 0.73340625 0.28028125 0.024421875000000003 0.052031249999999994
0 0.7685625 0.12915625 0.025171875 0.052703124999999997
0 0.78028125 0.46068749999999997 0.029984375 0.06359375
0 0.671390625 0.2263125 0.0225 0.05059375000000001
0 0.754890625 0.22546875000000002 0.023328124999999998 0.042812499999999996
0 0.7368125 0.093015625 0.02025 0.03534375
0 0.308109375 0.39696875 0.029984375 0.055296875
0 0.794921875 0.128546875 0.02365625 0.05184375
0 0.8188437499999999 0.018484375 0.02225 0.036828125
0 0.40650000000000003 0.40064062500000003 0.02859375 0.05109375000000001
0 0.015296874999999998 0.403328125 0.030375000000000003 0.053593749999999996
0 0.712890625 0.457515625 0.026609375 0.07434375
0 0.83984375 0.63428125 0.0391875 0.090578125
0 0.81934375 0.27221875 0.027484375 0.058437499999999996
0 0.26075 0.287359375 0.029640624999999997 0.056859375000000004
0 0.841796875 0.01653125 0.025468750000000002 0.0330625
0 0.7055625 0.021640625 0.01971875 0.04328125
0 0.29809375 0.45337500000000003 0.03528125 0.0753125
0 0.37621875 0.04153125 0.021203125 0.039546874999999995
0 0.220453125 0.40404687499999997 0.03875 0.054203125
0 0.683109375 0.021812500000000002 0.021234375 0.043453124999999995
0 0.744140625 0.132453125 0.023140625 0.048671874999999996
0 0.352546875 0.397703125 0.033265625 0.055421874999999995
0 0.01565625 0.46020312499999994 0.0313125 0.06915625
0 0.726078125 0.226921875 0.022625 0.046390625000000005
0 0.9418906249999999 0.401859375 0.035953125 0.053093749999999995
0 0.751953125 0.021156249999999998 0.021984375 0.04025
0 0.715328125 0.094 0.020796875 0.03671875
0 0.16515625 0.402828125 0.04178125 0.05242187499999999
0 0.779296875 0.22351562500000002 0.024281249999999997 0.041375
0 0.590328125 0.229734375 0.022328124999999997 0.048953125
0 0.435546875 0.398921875 0.028109375 0.049859375
0 0.807625 0.22168749999999998 0.026453125 0.042875
0 0.762703125 0.090265625 0.020015625000000002 0.035609375
0 0.013500000000000002 0.167234375 0.027000000000000003 0.039859375
0 0.95703125 0.45873437499999997 0.03378125 0.053984374999999994
0 0.3669375 0.147828125 0.023328124999999998 0.04978125
0 0.041328125 0.25025 0.033078125 0.0376875
0 0.726078125 0.021046875 0.02175 0.041234375000000004
0 0.248296875 0.23828125 0.028937499999999998 0.039703125
0 0.025796875000000004 0.15746875 0.028875 0.032953125
0 0.9721718750000001 0.531734375 0.03875 0.08196875
0 0.775875 0.019796875 0.019421874999999998 0.039484375
0 0.797859375 0.018765625 0.021406249999999998 0.03753125
0 0.064875 0.250484375 0.030859375 0.0376875
0 0.0121875 0.611328125 0.024359375 0.0675625
0 0.259765625 0.729 0.0454375 0.1014375
0 0.010484375 0.060765625000000004 0.020453125 0.031671875
0 0.059421875 0.7265625 0.052031249999999994 0.098578125
0 0.047703125 0.104125 0.031203124999999998 0.029249999999999998
0 0.785640625 0.081359375 0.0235625 0.038703125
0 0.91309375 0.29175 0.031984374999999995 0.046390625000000005
0 0.073296875 0.05645312500000001 0.031140624999999998 0.034187499999999996
0 0.09668750000000001 0.02153125 0.03403125 0.029703125000000004
0 0.011640625 0.71778125 0.023109374999999998 0.08496875000000001
0 0.029546875 0.135015625 0.035546875 0.02865625
0 0.1171875 0.931640625 0.042015625 0.09515625
0 0.865234375 0.012 0.018640625 0.024
0 0.98675 0.6274375 0.026515624999999998 0.079046875
0 0.7295 0.727546875 0.034609375 0.092046875
0 0.51465625 0.53515625 0.061984375 0.047875
0 0.903328125 0.734859375 0.06928125 0.05728124999999999
0 0.703125 0.963140625 0.0314375 0.07373437499999999
0 0.9301718749999999 0.857421875 0.084046875 0.06371875
0 0.21106250000000001 0.9252968750000001 0.04459375 0.10015624999999999
0 0.779296875 0.732421875 0.04428125 0.08465625
0 0.9321249999999999 0.364015625 0.024703125 0.028437499999999998
0 0.111453125 0.009234375 0.0304375 0.0171875
0 0.9116250000000001 0.788578125 0.073421875 0.063109375
0 0.478421875 0.28315625 0.022328124999999997 0.064546875
0 0.45284375 0.284578125 0.026390625 0.06251562499999999
0 0.40109374999999997 0.286609375 0.025984374999999997 0.057640625
0 0.48878125 0.22795312499999998 0.022734375 0.054000000000000006
0 0.462796875 0.230171875 0.023546875000000002 0.044656249999999995
0 0.43579687500000003 0.23342187499999997 0.026390625 0.039781250000000004
0 0.411640625 0.23525000000000001 0.021921875 0.0418125
0 0.374078125 0.288078125 0.026140625 0.0595625
0 0.33790624999999996 0.28625 0.030390624999999998 0.0595625
0 0.308140625 0.294453125 0.03403125 0.06746875
0 0.28321874999999996 0.28717187499999997 0.026734374999999998 0.061390625
0 0.04284375 0.2950625 0.026140625 0.057734375000000004
0 0.08478125 0.292328125 0.023703125 0.053484374999999994
0 0.618703125 0.227 0.027953125000000002 0.045578125000000004
0 0.561265625 0.280484375 0.026140625 0.057734375000000004
0 0.530578125 0.27926562499999996 0.027953125000000002 0.06503125
0 0.273796875 0.23246875 0.023703125 0.05165625
0 0.29840625 0.23459375 0.031609375 0.04984375
0 0.224875 0.23915625000000001 0.029171875000000003 0.045578125000000004
0 0.201171875 0.23915625000000001 0.0328125 0.0419375
0 0.178078125 0.24006249999999998 0.030390624999999998 0.03525
0 0.1565 0.238546875 0.023703125 0.044359375
0 0.13128125 0.24096875 0.029171875000000003 0.0419375
0 0.107265625 0.247359375 0.024921875 0.03403125
0 0.086609375 0.24553124999999998 0.0285625 0.041328125
0 0.69234375 0.134546875 0.021890625 0.058374999999999996
0 0.668171875 0.133859375 0.025546875000000004 0.0643125
0 0.644234375 0.137515625 0.022343750000000002 0.0551875
0 0.61959375 0.13773437500000002 0.022343750000000002 0.052000000000000005
0 0.5949687499999999 0.13934375000000002 0.02053125 0.052453125
0 0.5719375 0.138203125 0.022796875 0.0538125
0 0.54571875 0.14160937499999998 0.024171875000000002 0.050624999999999996
0 0.5210781250000001 0.14321875 0.025078125 0.051078124999999995
0 0.496 0.151875 0.023265625 0.049265625
0 0.47296875 0.14937499999999998 0.020984375 0.042421875
0 0.45153125000000005 0.14709375 0.01915625 0.047890625
0 0.4291875 0.146859375 0.02371875 0.051078124999999995
0 0.40318750000000003 0.14937499999999998 0.022796875 0.048796875
0 0.344125 0.150734375 0.018703125 0.04971875
0 0.3226875 0.1539375 0.0214375 0.0460625
0 0.3005625 0.150515625 0.021890625 0.046515625
0 0.27912499999999996 0.150734375 0.022796875 0.051531249999999994
0 0.25746875 0.14959375 0.023265625 0.051078124999999995
0 0.23557812500000003 0.14959375 0.025078125 0.050171875
0 0.21321875 0.155078125 0.024171875000000002 0.041953125
0 0.19339062499999998 0.15301562500000002 0.024625 0.044234375
0 0.17034375 0.15553125 0.02690625 0.049265625
0 0.14959375 0.1564375 0.027359375000000002 0.0474375
0 0.129765625 0.161453125 0.02690625 0.050171875
0 0.107640625 0.1616875 0.022796875 0.050624999999999996
0 0.089625 0.16465625 0.022343750000000002 0.049265625
0 0.688921875 0.089171875 0.026000000000000002 0.03603125
0 0.66634375 0.09121875 0.02371875 0.03465625
0 0.639671875 0.09373437500000001 0.023265625 0.03603125
0 0.6173124999999999 0.09828125 0.02053125 0.03603125
0 0.593609375 0.09281249999999999 0.025078125 0.041499999999999995
0 0.572625 0.095546875 0.026000000000000002 0.042421875
0 0.54753125 0.096921875 0.024171875000000002 0.044234375
0 0.525875 0.10079687500000001 0.024625 0.03375
0 0.503296875 0.10671875 0.022343750000000002 0.042875
0 0.481640625 0.109234375 0.021890625 0.0396875
0 0.46042187500000004 0.105578125 0.024171875000000002 0.044234375
0 0.43534375000000003 0.105359375 0.026000000000000002 0.036484375
0 0.41253124999999996 0.10946875 0.02053125 0.03465625
0 0.37628125 0.11196874999999999 0.027359375000000002 0.037859375
0 0.353703125 0.11265624999999999 0.019609375000000002 0.031015625
0 0.335 0.11379687499999999 0.024171875000000002 0.032375
0 0.313328125 0.111484375 0.02309375 0.035921875
0 0.292453125 0.11264062500000001 0.022390625 0.029859375
0 0.271 0.107390625 0.029859375 0.038953125
0 0.248734375 0.11078125000000001 0.019828125 0.040109375
0 0.228203125 0.117078125 0.025890625 0.033578125
0 0.2085 0.11882812499999999 0.02425 0.039421875
0 0.187625 0.11474999999999999 0.024953125 0.039640625
0 0.166515625 0.11976562500000001 0.02471875 0.038015625
0 0.14728125 0.119984375 0.025890625 0.031953125
0 0.125234375 0.12384375 0.02378125 0.029859375
0 0.10704687500000001 0.12290625 0.01865625 0.0321875
0 0.138875 0.06203125 0.019828125 0.0391875
0 0.1590625 0.058078125 0.01771875 0.04290625
0 0.178296875 0.05632812499999999 0.02121875 0.04221875
0 0.198 0.056796875000000004 0.020515625000000003 0.0408125
0 0.21549999999999997 0.052234375 0.01865625 0.0373125
0 0.23834375 0.053640625 0.02471875 0.0373125
0 0.255140625 0.052015624999999996 0.019125 0.036843749999999995
0 0.274390625 0.047234375 0.021687500000000002 0.039875
0 0.15415625 0.029734375 0.02659375 0.031953125
0 0.17479687500000002 0.024484375 0.022625 0.027984375
0 0.192171875 0.024375 0.014453125 0.026359375
0 0.20989062500000003 0.021453125 0.016796875 0.028921875000000003
0 0.22809374999999998 0.021921875 0.01959375 0.027046874999999998
0 0.248375 0.020515625000000003 0.020515625000000003 0.027515625
0 0.26692187500000003 0.017953125 0.017953125 0.028453125000000003
0 0.28453125 0.015390625 0.01865625 0.03078125
0 0.304125 0.014453125 0.020515625000000003 0.028453125000000003
0 0.2935 0.0478125 0.018421874999999997 0.03825
0 0.3136875 0.04896875 0.022390625 0.034046875
0 0.335140625 0.046171875 0.021453125 0.039640625
0 0.35565625 0.04303125 0.020515625000000003 0.044546875
0 0.320796875 0.0130625 0.014687500000000001 0.026125
0 0.340265625 0.0129375 0.020515625000000003 0.025875
0 0.3969375 0.04478125 0.018187500000000002 0.040109375
0 0.38073437499999996 0.01165625 0.018890625 0.023328124999999998
0 0.35996875 0.011546875 0.019828125 0.02309375
0 0.40359375000000003 0.013765625 0.019828125 0.02659375
0 0.4283125 0.043375000000000004 0.018421874999999997 0.0373125
0 0.44895312499999995 0.042453125 0.016796875 0.039640625
0 0.434375 0.013171875 0.01703125 0.024484375
0 0.45337500000000003 0.013296875 0.016328125 0.02659375
0 0.47028125000000004 0.041390625 0.0165625 0.039421875
0 0.49068750000000005 0.038953125 0.0200625 0.034984375
0 0.511921875 0.038484375 0.01959375 0.0373125
0 0.4716875 0.009796875 0.019359375 0.016796875
0 0.494078125 0.0095625 0.020296875 0.019125
0 0.51378125 0.009671875 0.019125 0.019359375
0 0.5327968750000001 0.035328125 0.020296875 0.0408125
0 0.534953125 0.00840625 0.02371875 0.014234374999999999
0 0.55565625 0.0325625 0.01940625 0.04528125
0 0.5765781249999999 0.031703125 0.021562500000000002 0.050453125
0 0.57765625 0.00453125 0.01509375 0.0090625
0 0.55759375 0.00603125 0.017249999999999998 0.009484375
0 0.59490625 0.031046875 0.022 0.050890625
0 0.6192656249999999 0.027390625000000002 0.020703125 0.047875
0 0.639109375 0.026515624999999998 0.01984375 0.046140625000000005
0 0.663046875 0.025234374999999996 0.02371875 0.050453125
0 0.056359375 0.08675000000000001 0.036546875 0.02578125
0 0.067515625 0.07175000000000001 0.034234375 0.0173125
0 0.0840625 0.044046875 0.036546875 0.021921875
0 0.097328125 0.018078125 0.039234375 0.02078125
0 0.01146875 0.03746875 0.02175 0.02828125