0 0.8515625 0.45923437500000003 0.03396875 0.07781249999999999
0 0.8168906249999999 0.458984375 0.030109375 0.0731875
0 0.72803125 0.625484375 0.031984374999999995 0.07946875
0 0.728515625 0.727046875 0.035671875 0.090765625
0 0.25415625 0.621578125 0.0391875 0.07575
0 0.37134375 0.62109375 0.036078125 0.081671875
0 0.16309374999999998 0.2890625 0.03259375 0.055515625
0 0.46118750000000003 0.23559375 0.024703125 0.052031249999999994
0 0.984375 0.615234375 0.030156250000000002 0.076109375
0 0.067078125 0.404296875 0.034937499999999996 0.055609375
0 0.7836875 0.4609375 0.030859375 0.07195312499999999
0 0.879890625 0.633296875 0.039703125 0.081234375
0 0.777828125 0.7319375 0.04046875 0.081359375
0 0.770515625 0.632328125 0.03371875 0.082703125
0 0.7421875 0.3984375 0.028218749999999997 0.062921875
0 0.233890625 0.46557812500000006 0.036828125 0.06009375
0 0.302984375 0.15503125 0.026546874999999998 0.03671875
0 0.70165625 0.274171875 0.02303125 0.057921875
0 0.713375 0.45996875 0.028171875000000002 0.0705625
0 0.8081093750000001 0.6328125 0.034546875 0.08757812499999999
0 0.19678125 0.40112500000000006 0.036015625 0.065984375
0 0.109125 0.16309374999999998 0.029546875 0.04328125
0 0.56103125 0.2785625 0.024 0.054203125
0 0.165890625 0.934578125 0.04690625 0.08196875
0 0.757328125 0.2736875 0.024390625 0.058437499999999996
0 0.6665 0.1381875 0.022578124999999998 0.04978125
0 0.8081093750000001 0.396484375 0.030734375 0.0625625
0 0.6171875 0.27759375 0.022109375 0.05184375
0 0.301765625 0.724609375 0.0365 0.075984375
0 0.49121875 0.03796875 0.01890625 0.0365625
0 0.42895312499999994 0.285890625 0.024390625 0.05109375000000001
0 0.47339062500000006 0.14990625 0.021625 0.041078125
0 0.67821875 0.458015625 0.027484375 0.06029687500000001
0 0.787109375 0.272953125 0.02521875 0.059328124999999995
0 0.593265625 0.103765625 0.01815625 0.036625000000000005
0 0.652828125 0.623046875 0.028218749999999997 0.085078125
0 0.434078125 0.62403125 0.03390625 0.076296875
0 0.551765625 0.035484375 0.02009375 0.04015625
0 0.1330625 0.159296875 0.029375000000000002 0.044
0 0.480953125 0.284671875 0.026203125 0.057703125
0 0.3044375 0.6171875 0.035609375 0.08478125
0 0.287109375 0.287359375 0.029078125 0.053500000000000006
0 0.23914062500000002 0.15209375 0.025671875 0.0456875
0 0.40454687500000003 0.623046875 0.033484375 0.074765625
0 0.10320312499999999 0.727046875 0.0479375 0.082828125
0 0.09271875 0.292234375 0.034546875 0.049953125
0 0.64696875 0.45824999999999994 0.025468750000000002 0.0678125
0 0.253421875 0.9370156250000001 0.0403125 0.0883125
0 0.69140625 0.6274375 0.03228125 0.085875
0 0.143796875 0.722171875 0.04578125 0.088984375
0 0.5703125 0.1065 0.019171874999999998 0.038546875
0 0.142328125 0.404296875 0.038109375 0.053500000000000006
0 0.599125 0.729984375 0.03253125 0.092046875
0 0.210453125 0.9233437500000001 0.049046875000000004 0.098578125
0 0.017906250000000002 0.46068749999999997 0.035828125 0.06476562500000001
0 0.331546875 0.053984374999999994 0.020921875 0.03359375
0 0.40454687500000003 0.1535625 0.02390625 0.042015625
0 0.261234375 0.29809375 0.02784375 0.046203125
0 0.474609375 0.62403125 0.02859375 0.07585937499999999
0 0.210578125 0.125609375 0.02615625 0.032468750000000005
0 0.11359375000000001 0.9301718749999999 0.038171875 0.085390625
0 0.3774375 0.286140625 0.029031249999999998 0.05625
0 0.29809375 0.24059375 0.028968749999999998 0.041625
0 0.026765624999999998 0.7211875 0.051453125 0.091375
0 0.02365625 0.297609375 0.036828125 0.04921875
0 0.31275 0.11962500000000001 0.024656249999999998 0.035734375
0 0.61571875 0.3935625 0.022984375 0.061984375
0 0.23718750000000002 0.053890625000000004 0.024421875000000003 0.0378125
0 0.17725 0.46215624999999994 0.03521875 0.054593749999999996
0 0.03515625 0.613765625 0.04153125 0.06646875
0 0.260015625 0.7265625 0.044437500000000005 0.098078125
0 0.5444375 0.6225625 0.026968750000000003 0.081234375
0 0.65771875 0.057796875000000004 0.036828125 0.033078125
0 0.19043749999999998 0.619140625 0.038234375 0.078484375
0 0.094671875 0.46606249999999994 0.043859375 0.06085937500000001
0 0.096859375 0.399171875 0.03803125 0.06021875
0 0.157109375 0.617671875 0.03615625 0.07575
0 0.411140625 0.114984375 0.021578125 0.03228125
0 0.384515625 0.237546875 0.028546875 0.043859375
0 0.22131249999999997 0.617671875 0.039125 0.08196875
0 0.04146875 0.403328125 0.0391875 0.049046875000000004
0 0.613765625 0.45824999999999994 0.023734375 0.065984375
0 0.364015625 0.01678125 0.020921875 0.031203124999999998
0 0.578609375 0.622078125 0.025796875000000004 0.082828125
0 0.06371875 0.610359375 0.04434375 0.0805
0 0.8188437499999999 0.2683125 0.029421874999999997 0.066828125
0 0.0700625 0.292234375 0.033140625 0.0495
0 0.295171875 0.048953125 0.023421875 0.038453125
0 0.491703125 0.396484375 0.025859375 0.0624375
0 0.308109375 0.400875 0.028218749999999997 0.055515625
0 0.52490625 0.40112500000000006 0.025328125 0.05632812499999999
0 0.61571875 0.619625 0.029921874999999997 0.094671875
0 0.339359375 0.28540625 0.031015625 0.055296875
0 0.18115625 0.057921875 0.025046875000000003 0.038906249999999996
0 0.4453125 0.951171875 0.031734374999999995 0.08757812499999999
0 0.091546875 0.61571875 0.043703124999999995 0.07079687500000001
0 0.349859375 0.237796875 0.029421874999999997 0.047328125
0 0.5859375 0.39209375 0.024234375 0.062921875
0 0.544921875 0.9536093749999999 0.030671874999999998 0.08478125
0 0.458984375 0.458984375 0.029375000000000002 0.06890625
0 0.01584375 0.6015625 0.0315625 0.073671875
0 0.43432812500000006 0.014609374999999999 0.021281249999999998 0.029218749999999998
0 0.262453125 0.46509375000000003 0.0378125 0.06609374999999999
0 0.490234375 0.46167187500000006 0.027015624999999998 0.06096875
0 0.80859375 0.21789062499999998 0.027171875 0.047796875
0 0.753421875 0.9477499999999999 0.03284375 0.094484375
0 0.2058125 0.46068749999999997 0.035734375 0.064515625
0 0.91796875 0.836921875 0.075984375 0.06804687499999999
0 0.340328125 0.46459374999999997 0.031671875 0.0571875
0 0.35059375 0.408203125 0.03021875 0.054906250000000004
0 0.04046875 0.45971875000000006 0.04009375 0.065984375
0 0.430671875 0.458984375 0.028875 0.069640625
0 0.29540625 0.460453125 0.03240625 0.06646875
0 0.199953125 0.056765625 0.023859375 0.03634375
0 0.367671875 0.461921875 0.030375000000000003 0.065984375
0 0.582515625 0.45946875 0.024515625 0.061765625000000005
0 0.2268125 0.40528125 0.03384375 0.05371875
0 0.521 0.45971875000000006 0.0260625 0.07079687500000001
0 0.3986875 0.46215624999999994 0.029593750000000002 0.069390625
0 0.10595312500000001 0.129390625 0.03028125 0.027109375
0 0.43481249999999994 0.39990625 0.029546875 0.049140625
0 0.2788125 0.40307812500000006 0.031859375 0.055421874999999995
0 0.51025 0.610359375 0.026203125 0.09618750000000001
0 0.9008749999999999 0.735359375 0.06659375 0.05500000000000001
0 0.555171875 0.39721875 0.0245625 0.05759375
0 0.12646875 0.611328125 0.04184375 0.081671875
0 0.0679375 0.461921875 0.039281250000000004 0.064640625
0 0.381109375 0.3981875 0.0270625 0.057921875
0 0.1431875 0.06525 0.024046875000000002 0.03384375
0 0.500484375 0.9545937500000001 0.035484375 0.083625
0 0.7006875 0.9594687499999999 0.029249999999999998 0.0753125
0 0.073421875 0.2421875 0.035671875 0.045953125
0 0.017046875 0.0419375 0.0315625 0.031015625
0 0.213375 0.02753125 0.0245625 0.030375000000000003
0 0.04803125 0.25390625 0.036890624999999996 0.042328125
0 0.10540624999999999 0.018125 0.041234375000000004 0.034546875
0 0.41015625 0.3879375 0.0263125 0.065125
0 0.9096718750000001 0.787109375 0.06525 0.05292187499999999
0 0.25121875 0.401859375 0.0314375 0.053796875
0 0.551765625 0.45728125000000003 0.024609375 0.067203125
0 0.030796875 0.13770312499999998 0.038109375 0.03403125
0 0.060421875 0.090390625 0.03678125 0.029546875
0 0.010734375 0.215328125 0.021328125 0.03240625
0 0.269046875 0.022203125 0.0225 0.030375000000000003
0 0.157109375 0.033015625 0.026265624999999997 0.031015625
0 0.30615625 0.016593749999999997 0.019171874999999998 0.033171875
0 0.70165625 0.006640625 0.01628125 0.0130625
0 0.053015625 0.10821875 0.032171875 0.02753125
0 0.1745625 0.031796875 0.027265624999999998 0.032890625
0 0.28515625 0.01971875 0.0225 0.0304375
0 0.035671875 0.12176562500000002 0.03384375 0.025468750000000002
0 0.19396875 0.028328125 0.023234374999999998 0.029312500000000002
0 0.0125 0.065734375 0.025 0.038390625
0 0.00846875 0.713875 0.0169375 0.0753125
0 0.009375 0.193109375 0.018578125 0.0268125
0 0.11859375000000001 0.005484375 0.0235625 0.010453125
0 0.008171875 0.400875 0.016359375000000002 0.05014062500000001