0 0.8522500000000001 0.462125 0.042640625 0.0844375
0 0.817390625 0.458984375 0.030046875 0.07275000000000001
0 0.728515625 0.726078125 0.034421875000000005 0.09009375
0 0.72803125 0.62646875 0.032468750000000005 0.080203125
0 0.25390625 0.621578125 0.0388125 0.076421875
0 0.06621875 0.40234375 0.034999999999999996 0.06009375
0 0.30321875 0.155390625 0.0249375 0.03628125
0 0.47973437499999994 0.109125 0.02165625 0.043515625
0 0.985375 0.61328125 0.029234375 0.074640625
0 0.196046875 0.401375 0.0350625 0.066828125
0 0.232171875 0.46459374999999997 0.0378125 0.06118749999999999
0 0.37084375 0.620125 0.035734375 0.08209375
0 0.880859375 0.6328125 0.039421875 0.08209375
0 0.16515625 0.9350625000000001 0.04803125 0.083125
0 0.770015625 0.6328125 0.034187499999999996 0.085078125
0 0.301265625 0.72509375 0.037109375 0.07575
0 0.77734375 0.73340625 0.04009375 0.085390625
0 0.10931249999999999 0.163578125 0.028109375 0.04178125
0 0.672359375 0.275390625 0.022421875 0.05603125
0 0.677734375 0.45776562500000006 0.027687499999999997 0.060421875
0 0.189703125 0.12346874999999999 0.023859375 0.040015625
0 0.807625 0.633296875 0.035671875 0.0885
0 0.757328125 0.272953125 0.022578124999999998 0.058140625
0 0.524421875 0.106328125 0.02009375 0.043703124999999995
0 0.3725625 0.15137499999999998 0.0231875 0.043765625
0 0.8466875 0.633296875 0.04015625 0.090875
0 0.56153125 0.279046875 0.022296875 0.05340625
0 0.652828125 0.62353125 0.02828125 0.085265625
0 0.43384375000000003 0.6225625 0.03371875 0.080625
0 0.146734375 0.125859375 0.023734375 0.03540625
0 0.10303124999999999 0.728515625 0.047796875 0.084046875
0 0.49145312499999994 0.0388125 0.018765625 0.0365625
0 0.6665 0.13940625 0.022109375 0.0483125
0 0.69140625 0.626953125 0.032109375 0.085875
0 0.787109375 0.2734375 0.025374999999999998 0.060421875
0 0.5703125 0.1066875 0.019234375 0.039421875
0 0.14196875 0.40746874999999994 0.037593749999999995 0.052828125000000004
0 0.253421875 0.938484375 0.042328125 0.088984375
0 0.42943749999999997 0.285640625 0.023703125 0.05090625
0 0.404296875 0.624515625 0.03371875 0.07520312500000001
0 0.532234375 0.2839375 0.025124999999999998 0.048953125
0 0.301765625 0.619625 0.037328125000000004 0.076296875
0 0.027171875 0.722171875 0.051265625 0.091734375
0 0.11517187499999999 0.930671875 0.03875 0.085390625
0 0.78515625 0.0965625 0.020921875 0.034546875
0 0.96875 0.529296875 0.039281250000000004 0.07665625000000001
0 0.599125 0.73046875 0.032718750000000005 0.09271875
0 0.6435625 0.46068749999999997 0.025671875 0.06928125
0 0.474609375 0.62403125 0.028171875000000002 0.0755625
0 0.094484375 0.292 0.03521875 0.051546875000000006
0 0.551765625 0.037109375 0.02009375 0.03896875
0 0.593265625 0.103390625 0.017249999999999998 0.037203125
0 0.286140625 0.288328125 0.029078125 0.05440625
0 0.357171875 0.117984375 0.024703125 0.039640625
0 0.017249999999999998 0.461921875 0.034499999999999996 0.06396874999999999
0 0.144046875 0.72265625 0.04690625 0.090765625
0 0.712890625 0.45946875 0.028218749999999997 0.07171875
0 0.480953125 0.286859375 0.026859375 0.057796875000000004
0 0.9243124999999999 0.338375 0.030109375 0.066953125
0 0.5444375 0.62353125 0.02759375 0.082828125
0 0.525390625 0.40209374999999997 0.025750000000000002 0.058140625
0 0.21106250000000001 0.9243124999999999 0.047796875 0.10089062499999998
0 0.70215625 0.2734375 0.021015625 0.05728124999999999
0 0.708984375 0.392828125 0.027015624999999998 0.06621875
0 0.33228125 0.05371875 0.021578125 0.03384375
0 0.74853125 0.46167187500000006 0.031015625 0.0755625
0 0.336421875 0.621578125 0.037593749999999995 0.08154687499999999
0 0.10778125000000001 0.132203125 0.028875 0.031859375
0 0.0238125 0.297609375 0.037046875 0.049046875000000004
0 0.0886875 0.16771875 0.025374999999999998 0.038234375
0 0.402828125 0.287359375 0.024281249999999997 0.05225
0 0.521 0.45971875000000006 0.02615625 0.073296875
0 0.134765625 0.1590625 0.0314375 0.043703124999999995
0 0.1565 0.618171875 0.036890624999999996 0.074890625
0 0.09668750000000001 0.40014062499999997 0.03896875 0.061984375
0 0.259515625 0.72803125 0.046390625000000005 0.09740625
0 0.034937499999999996 0.613765625 0.042875 0.067328125
0 0.2395 0.154546875 0.028484375 0.04459375
0 0.19043749999999998 0.619140625 0.038609375 0.079046875
0 0.041234375000000004 0.40478125 0.039421875 0.051171875
0 0.51025 0.6171875 0.026453125 0.08465625
0 0.395265625 0.0505 0.02215625 0.03775
0 0.377203125 0.285640625 0.028171875000000002 0.056765625
0 0.58203125 0.460453125 0.025078125 0.06476562500000001
0 0.61571875 0.393796875 0.023078124999999998 0.06153125
0 0.55225 0.45996875 0.024140625 0.068421875
0 0.41015625 0.118171875 0.023421875 0.0376875
0 0.22131249999999997 0.618171875 0.03934375 0.08301562500000001
0 0.063234375 0.6118125 0.043765625 0.080078125
0 0.29834375 0.240234375 0.027796875 0.041625
0 0.444828125 0.950203125 0.030328125 0.085390625
0 0.15125 0.46167187500000006 0.03359375 0.055515625
0 0.614265625 0.45776562500000006 0.023734375 0.067328125
0 0.8188437499999999 0.268796875 0.03021875 0.066953125
0 0.5859375 0.3933125 0.02615625 0.064875
0 0.900390625 0.731453125 0.06671875000000001 0.05728124999999999
0 0.754890625 0.9487343750000001 0.03384375 0.09503125
0 0.01571875 0.602546875 0.0313125 0.073296875
0 0.40478125 0.151984375 0.0241875 0.04578125
0 0.536625 0.23498437499999997 0.02434375 0.047796875
0 0.49193749999999997 0.397703125 0.024656249999999998 0.065375
0 0.180421875 0.058140625 0.0245625 0.03934375
0 0.54540625 0.9536093749999999 0.029249999999999998 0.085265625
0 0.070671875 0.24365625 0.0406875 0.048578125
0 0.294921875 0.46118750000000003 0.033015625 0.06804687499999999
0 0.384765625 0.237796875 0.027687499999999997 0.044671875
0 0.29590625 0.049140625 0.023703125 0.038703125
0 0.04009375 0.46020312499999994 0.04015625 0.065609375
0 0.26415625 0.46314062500000003 0.03753125 0.06867187500000001
0 0.61571875 0.619625 0.0315625 0.10124999999999999
0 0.307375 0.40234375 0.028015625 0.0571875
0 0.226078125 0.40551562499999994 0.034546875 0.056546874999999996
0 0.1429375 0.064875 0.025859375 0.032468750000000005
0 0.251953125 0.119015625 0.027375 0.034234375
0 0.35009375 0.237921875 0.029546875 0.047609374999999995
0 0.205078125 0.45996875 0.036015625 0.06118749999999999
0 0.338375 0.4609375 0.030796875 0.0705625
0 0.47509375 0.014078125 0.018265625 0.028140625000000002
0 0.351078125 0.40650000000000003 0.029703125000000004 0.053093749999999995
0 0.3986875 0.46264062499999997 0.03021875 0.071234375
0 0.49903125 0.9545937500000001 0.034187499999999996 0.083625
0 0.36353125 0.017374999999999998 0.019859375000000002 0.031140624999999998
0 0.177125 0.46215624999999994 0.038234375 0.05450000000000001
0 0.7006875 0.95996875 0.029921874999999997 0.07575
0 0.20837500000000003 0.124875 0.025953125 0.03278125
0 0.095703125 0.614265625 0.04534375 0.073421875
0 0.325203125 0.018578125 0.021328125 0.029875000000000002
0 0.46167187500000006 0.391109375 0.026000000000000002 0.065859375
0 0.06867187500000001 0.46167187500000006 0.03790625 0.06396874999999999
0 0.201171875 0.05632812499999999 0.025 0.03540625
0 0.12598437499999998 0.61328125 0.042390625 0.079890625
0 0.33959375 0.285890625 0.031203124999999998 0.05759375
0 0.430171875 0.461421875 0.0288125 0.06890625
0 0.22643749999999999 0.12323437500000001 0.029875000000000002 0.032953125
0 0.368171875 0.46240625 0.030671874999999998 0.069953125
0 0.23815624999999999 0.053890625000000004 0.02365625 0.0365625
0 0.380859375 0.3986875 0.026859375 0.059546875
0 0.25121875 0.402828125 0.03228125 0.0570625
0 0.45923437500000003 0.457515625 0.029031249999999998 0.06928125
0 0.120359375 0.45873437499999997 0.040625 0.0703125
0 0.029984375 0.140875 0.03628125 0.03234375
0 0.09221875 0.46557812500000006 0.039281250000000004 0.06085937500000001
0 0.27978125 0.403328125 0.032171875 0.056125
0 0.435546875 0.400390625 0.026500000000000003 0.05071875
0 0.40404687499999997 0.01628125 0.02025 0.031859375
0 0.434578125 0.014453125 0.02096875 0.02890625
0 0.8081093750000001 0.218390625 0.027109375 0.048765625
0 0.41040625000000003 0.3879375 0.026359375 0.06634375
0 0.0989375 0.02390625 0.0313125 0.02253125
0 0.047703125 0.10992187499999999 0.03365625 0.030046875
0 0.156609375 0.03371875 0.025374999999999998 0.031375
0 0.9204062499999999 0.838875 0.073421875 0.068296875
0 0.011203125 0.066828125 0.02190625 0.033203125
0 0.21301562500000001 0.027437499999999997 0.024796875 0.029875000000000002
0 0.0263125 0.039796874999999995 0.0235625 0.02759375
0 0.91796875 0.783203125 0.0809375 0.057374999999999995
0 0.249640625 0.021578125 0.021203125 0.03403125
0 0.045109375 0.25415625 0.03240625 0.042578125
0 0.955078125 0.938484375 0.068171875 0.0834375
0 0.009234375 0.19678125 0.017984375 0.03359375
0 0.701171875 0.007062499999999999 0.017109375 0.013734374999999998
0 0.305671875 0.01640625 0.018765625 0.032171875
0 0.17676562499999998 0.031609375 0.026203125 0.03278125
0 0.267578125 0.021203125 0.021453125 0.029640624999999997
0 0.286625 0.019640625000000002 0.021124999999999998 0.02865625
0 0.19665625 0.02759375 0.0190625 0.02665625
0 0.7836875 0.45946875 0.03021875 0.07146875