0 0.615234375 0.46068749999999997 0.024515625 0.069953125
0 0.83984375 0.63525 0.035671875 0.0910625
0 0.0155 0.6118125 0.031 0.068421875
0 0.72509375 0.630375 0.033015625 0.08978125
0 0.655765625 0.62403125 0.027734375 0.08446875000000001
0 0.157953125 0.619625 0.038453125 0.06903125
0 0.71240625 0.460453125 0.027015624999999998 0.068546875
0 0.55225 0.46068749999999997 0.023078124999999998 0.068171875
0 0.876953125 0.633296875 0.03671875 0.084046875
0 0.680671875 0.460453125 0.02665625 0.07520312500000001
0 0.781734375 0.460453125 0.030375000000000003 0.06982812499999999
0 0.618171875 0.6274375 0.027328124999999998 0.08228125
0 0.30371875 0.617671875 0.03528125 0.073546875
0 0.578125 0.6225625 0.027796875 0.0861875
0 0.182859375 0.23546874999999998 0.0268125 0.051937500000000004
0 0.50684375 0.625 0.033328125 0.077390625
0 0.521 0.45971875000000006 0.025 0.072078125
0 0.40478125 0.625 0.030734375 0.072515625
0 0.526375 0.399421875 0.025859375 0.0531875
0 0.1746875 0.46068749999999997 0.034765625 0.06634375
0 0.37109375 0.619140625 0.033484375 0.0805
0 0.33471875 0.625484375 0.034609375 0.07825
0 0.45873437499999997 0.4609375 0.0245625 0.065
0 0.594234375 0.099671875 0.0189375 0.044
0 0.23156249999999998 0.461421875 0.033078125 0.06609374999999999
0 0.375984375 0.287109375 0.02665625 0.05059375000000001
0 0.192875 0.6123125 0.04015625 0.077390625
0 0.49048437500000003 0.4555625 0.025953125 0.0731875
0 0.09618750000000001 0.614265625 0.040531250000000005 0.069953125
0 0.38646875 0.23840625000000001 0.026859375 0.048671874999999996
0 0.47925000000000006 0.11200000000000002 0.02071875 0.04015625
0 0.42798437500000003 0.465828125 0.026859375 0.063359375
0 0.66553125 0.098453125 0.0189375 0.044859375
0 0.068546875 0.6123125 0.04321875 0.06867187500000001
0 0.338625 0.46264062499999997 0.031375 0.06928125
0 0.043703124999999995 0.25121875 0.0313125 0.03790625
0 0.4819375 0.286140625 0.0219375 0.05225
0 0.25 0.619140625 0.037109375 0.08728125
0 0.439453125 0.619140625 0.029031249999999998 0.090265625
0 0.09534375 0.46215624999999994 0.041234375000000004 0.06915625
0 0.03796875 0.611328125 0.043859375 0.073421875
0 0.45971875000000006 0.23718750000000002 0.022796875 0.052125
0 0.476078125 0.622078125 0.029203125000000003 0.08709375
0 0.20471875 0.46215624999999994 0.034999999999999996 0.06646875
0 0.3984375 0.46118750000000003 0.028703125000000003 0.069390625
0 0.125734375 0.616703125 0.040828125 0.078484375
0 0.432125 0.11676562500000001 0.02034375 0.03775
0 0.1378125 0.240484375 0.0304375 0.05071875
0 0.162109375 0.290046875 0.03228125 0.05500000000000001
0 0.527828125 0.108578125 0.02021875 0.041375
0 0.21973437499999998 0.6225625 0.04153125 0.07921875
0 0.5029375 0.10723437499999999 0.019640625000000002 0.04690625
0 0.64209375 0.2785625 0.023765625000000002 0.053796875
0 0.22570312499999998 0.23742187499999998 0.026968750000000003 0.05059375000000001
0 0.286375 0.292484375 0.026500000000000003 0.043765625
0 0.3100625 0.40112500000000006 0.029203125000000003 0.06281250000000001
0 0.296625 0.4609375 0.0313125 0.068296875
0 0.5703125 0.098453125 0.020515625000000003 0.04940625
0 0.40307812500000006 0.152703125 0.024421875000000003 0.04921875
0 0.26465625 0.465828125 0.035734375 0.0676875
0 0.34740625 0.237546875 0.027437499999999997 0.055937499999999994
0 0.11084374999999999 0.125609375 0.023765625000000002 0.041328125
0 0.369875 0.46240625 0.030734375 0.06982812499999999
0 0.28125 0.401375 0.032718750000000005 0.06021875
0 0.01715625 0.46068749999999997 0.0343125 0.064640625
0 0.3359375 0.11962500000000001 0.023375 0.037046875
0 0.41137499999999994 0.2368125 0.024 0.053500000000000006
0 0.45581250000000006 0.11376562500000001 0.0199375 0.03678125
0 0.146234375 0.461421875 0.03746875 0.065859375
0 0.090265625 0.16809375 0.029140624999999996 0.041625
0 0.3256875 0.154171875 0.026109375 0.0454375
0 0.250484375 0.2395 0.031796875 0.0468125
0 0.369875 0.1538125 0.024656249999999998 0.044187500000000005
0 0.23303124999999997 0.29271875 0.032046875 0.050328125
0 0.595703125 0.03234375 0.017249999999999998 0.03634375
0 0.197625 0.40404687499999997 0.036015625 0.052515624999999996
0 0.4375 0.23315625 0.0245625 0.056859375000000004
0 0.0190625 0.2998125 0.030625000000000003 0.04959375
0 0.51171875 0.038703125 0.017515625 0.039421875
0 0.20946875 0.29540625 0.030859375 0.047234375
0 0.185671875 0.293453125 0.0315625 0.047328125
0 0.12084375 0.46509375000000003 0.04009375 0.0676875
0 0.017906250000000002 0.40356249999999994 0.034546875 0.0533125
0 0.72559375 0.02409375 0.017984375 0.041140625
0 0.41089062500000006 0.11181250000000001 0.024140625 0.038546875
0 0.069953125 0.46020312499999994 0.04009375 0.06890625
0 0.358640625 0.118171875 0.025046875000000003 0.037593749999999995
0 0.136359375 0.297859375 0.029593750000000002 0.04459375
0 0.46778125 0.039953125 0.017515625 0.04184375
0 0.57275 0.031609375 0.018546874999999997 0.038171875
0 0.116578125 0.29565625 0.031203124999999998 0.047093750000000004
0 0.17053125 0.4038125 0.036828125 0.05184375
0 0.55225 0.036015625 0.018484375 0.039421875
0 0.19396875 0.1589375 0.026453125 0.04296875
0 0.380609375 0.11754687500000001 0.0206875 0.03628125
0 0.365234375 0.017515625 0.018687500000000003 0.034484375
0 0.306390625 0.0189375 0.02109375 0.029421874999999997
0 0.49145312499999994 0.041078125 0.017984375 0.03803125
0 0.57421875 0.0090625 0.017859375 0.017374999999999998
0 0.11395312500000002 0.242921875 0.0313125 0.048953125
0 0.31153125 0.12096875 0.024140625 0.036890624999999996
0 0.35425 0.053093749999999995 0.020421875 0.034296875
0 0.11676562500000001 0.40307812500000006 0.035828125 0.051765625
0 0.067078125 0.2524375 0.032890625 0.039484375
0 0.039640625 0.40454687500000003 0.036984375 0.049859375
0 0.04525 0.294921875 0.033484375 0.052125
0 0.38525 0.015125 0.019609375000000002 0.0298125
0 0.093015625 0.29271875 0.0315 0.051171875
0 0.1430625 0.402828125 0.03628125 0.05225
0 0.21496875000000001 0.159296875 0.02640625 0.038171875
0 0.016984375 0.17821875 0.031078125 0.034765625
0 0.531734375 0.03678125 0.01634375 0.0378125
0 0.617671875 0.009093750000000001 0.01665625 0.01771875
0 0.344484375 0.0166875 0.020140625000000002 0.033390625
0 0.40503125000000006 0.015015625 0.01934375 0.029249999999999998
0 0.065734375 0.405765625 0.037109375 0.05184375
0 0.0935 0.3984375 0.034296875 0.055515625
0 0.37865625 0.048765625 0.021859375 0.037328125000000004
0 0.280765625 0.1538125 0.0249375 0.043515625
0 0.11181250000000001 0.165765625 0.02753125 0.041375
0 0.31615625 0.04921875 0.021859375 0.038546875
0 0.397703125 0.047796875 0.018265625 0.03628125
0 0.029640624999999997 0.146 0.034999999999999996 0.036828125
0 0.238640625 0.1585625 0.027265624999999998 0.03803125
0 0.42798437500000003 0.044 0.0199375 0.038453125
0 0.08990625 0.25 0.032171875 0.042234375000000005
0 0.29321875 0.11578124999999999 0.0238125 0.039281250000000004
0 0.9086874999999999 0.2841875 0.023109374999999998 0.032171875
0 0.296390625 0.048765625 0.022375 0.0390625
0 0.638671875 0.008609374999999999 0.017374999999999998 0.016921875
0 0.45142187500000003 0.03896875 0.019015625 0.041328125
0 0.05059375000000001 0.10992187499999999 0.038328125000000005 0.030859375
0 0.51709375 0.013218750000000001 0.017781250000000002 0.023609375
0 0.2629375 0.1539375 0.026203125 0.039859375
0 0.145015625 0.065125 0.022328124999999997 0.03534375
0 0.70215625 0.007609375 0.018015625 0.014734375
0 0.43189062500000003 0.018796874999999998 0.0206875 0.035484375
0 0.595703125 0.011734375 0.01615625 0.0225
0 0.160890625 0.024890625 0.019125 0.029249999999999998
0 0.0700625 0.29296875 0.03396875 0.054593749999999996
0 0.168828125 0.15771875 0.027328124999999998 0.040828125
0 0.0989375 0.023734375 0.03365625 0.026703125
0 0.286140625 0.02025 0.023734375 0.029921874999999997
0 0.751953125 0.006953125 0.018375 0.01390625
0 0.53515625 0.010734375 0.01590625 0.021328125
0 0.01040625 0.195921875 0.01971875 0.031375
0 0.49389062499999997 0.011828125 0.01909375 0.022765625
0 0.12793749999999998 0.129515625 0.025750000000000002 0.035484375
0 0.33203125 0.054296875 0.02096875 0.0315625
0 0.19043749999999998 0.12365625 0.0270625 0.038328125000000005
0 0.015140625 0.053796875 0.030265625 0.05340625
0 0.68115625 0.007671875 0.020171875 0.014671875000000001
0 0.20885937499999999 0.12250000000000001 0.025953125 0.036078125
0 0.27075 0.119390625 0.025468750000000002 0.038453125
0 0.084171875 0.051265625 0.03359375 0.031015625
0 0.107421875 0.010374999999999999 0.031734374999999995 0.01971875
0 0.06634375 0.093328125 0.031734374999999995 0.032890625
0 0.76953125 0.0063125 0.018875 0.012421875
0 0.037046875 0.465328125 0.037265625000000004 0.063359375
0 0.2265625 0.12145312500000001 0.029312500000000002 0.03634375
0 0.1485625 0.11456249999999998 0.0249375 0.03875
0 0.114984375 0.9301718749999999 0.037328125000000004 0.085390625
0 0.836921875 0.22131249999999997 0.014390625 0.026109375
0 0.07146875 0.0753125 0.0313125 0.029249999999999998
0 0.623046875 0.32178125 0.043125000000000004 0.040828125
0 0.19918750000000002 0.05803125 0.023078124999999998 0.03671875
0 0.22974999999999998 0.023359374999999998 0.015187500000000001 0.034015625
0 0.194 0.02584375 0.020921875 0.02628125
0 0.16321875 0.062453125 0.0156875 0.036625000000000005
0 0.17925 0.059953124999999996 0.01871875 0.035140624999999995
0 0.27359374999999997 0.05493749999999999 0.020328125 0.037015625
0 0.254203125 0.051437500000000004 0.015796875 0.035171875000000005
0 0.235875 0.0583125 0.017906250000000002 0.031984374999999995
0 0.21840625 0.056484374999999996 0.015078125000000001 0.03046875
0 0.212796875 0.023015625 0.019359375 0.037546875
0 0.24696875000000001 0.021968750000000002 0.01575 0.0280625
0 0.26521875 0.019953125 0.016296875 0.030375000000000003