0 0.81640625 0.45996875 0.03125 0.0754375
0 0.72803125 0.625984375 0.03240625 0.07934375
0 0.16296875 0.29053125 0.031140624999999998 0.052828125000000004
0 0.25415625 0.62109375 0.038234375 0.07520312500000001
0 0.728515625 0.727546875 0.03534375 0.09125
0 0.23303124999999997 0.465328125 0.036015625 0.057499999999999996
0 0.371578125 0.620125 0.036015625 0.08178125
0 0.171140625 0.40160937499999994 0.036625000000000005 0.06221875
0 0.397703125 0.045015625 0.019375 0.041234375000000004
0 0.46020312499999994 0.23559375 0.025 0.055515625
0 0.0675625 0.403328125 0.034999999999999996 0.055203125
0 0.76953125 0.633296875 0.033203125 0.08301562500000001
0 0.985328125 0.615234375 0.029328125 0.076109375
0 0.74121875 0.39746875 0.027687499999999997 0.063109375
0 0.165765625 0.935546875 0.047875 0.082828125
0 0.19824999999999998 0.402828125 0.038609375 0.05440625
0 0.67821875 0.458015625 0.027640625000000002 0.060515624999999997
0 0.6665 0.1383125 0.022421875 0.04803125
0 0.70215625 0.2736875 0.02203125 0.05834375000000001
0 0.879890625 0.634765625 0.04015625 0.083125
0 0.8081093750000001 0.633296875 0.034875 0.08820312500000001
0 0.8081093750000001 0.396234375 0.030796875 0.06231250000000001
0 0.560546875 0.27978125 0.023703125 0.0548125
0 0.7578125 0.2731875 0.023234374999999998 0.058984375
0 0.302 0.724609375 0.0365 0.076109375
0 0.778328125 0.734375 0.040984375 0.085265625
0 0.305421875 0.61865625 0.039484375 0.080203125
0 0.712890625 0.461921875 0.029421874999999997 0.0730625
0 0.40478125 0.623046875 0.033140625 0.0753125
0 0.69140625 0.6274375 0.03365625 0.085078125
0 0.78759375 0.2731875 0.025796875000000004 0.060421875
0 0.64746875 0.4585 0.025374999999999998 0.06804687499999999
0 0.103765625 0.72803125 0.047234375 0.085078125
0 0.48046875 0.28490625 0.026500000000000003 0.05834375000000001
0 0.1903125 0.61865625 0.03896875 0.07860937500000001
0 0.286859375 0.28809375 0.028015625 0.0548125
0 0.14440625 0.7216875 0.046718749999999996 0.090875
0 0.47435937499999997 0.62353125 0.028875 0.07653125
0 0.14160937499999998 0.40625 0.035828125 0.052703124999999997
0 0.598640625 0.7295 0.032718750000000005 0.091734375
0 0.25365625 0.9370156250000001 0.042328125 0.089484375
0 0.617671875 0.279546875 0.022578124999999998 0.052828125000000004
0 0.01728125 0.46240625 0.034578125 0.065734375
0 0.593265625 0.10284374999999998 0.01840625 0.038703125
0 0.11395312500000002 0.930671875 0.03775 0.08728125
0 0.026765624999999998 0.7211875 0.05071875 0.09253125
0 0.57421875 0.03278125 0.018796874999999998 0.041078125
0 0.22179687499999998 0.618171875 0.038453125 0.082703125
0 0.17834375 0.46068749999999997 0.03634375 0.058562499999999997
0 0.429203125 0.286375 0.0225 0.0505
0 0.61571875 0.3933125 0.022328124999999997 0.060515624999999997
0 0.578125 0.621578125 0.026000000000000002 0.083859375
0 0.0704375 0.29321875 0.03228125 0.051937500000000004
0 0.06409375 0.611328125 0.043515625 0.081234375
0 0.818359375 0.270515625 0.030109375 0.068296875
0 0.588375 0.23156249999999998 0.022203125 0.04803125
0 0.294921875 0.048765625 0.022796875 0.038234375
0 0.12335937500000001 0.46020312499999994 0.040015625 0.06659375
0 0.402828125 0.28515625 0.0245625 0.053593749999999996
0 0.55225 0.035609375 0.020453125 0.040765625
0 0.3671875 0.46362500000000006 0.030921874999999998 0.068171875
0 0.543953125 0.6225625 0.026921875 0.082390625
0 0.26025 0.297125 0.02828125 0.049140625
0 0.352046875 0.40551562499999994 0.029484375 0.052703124999999997
0 0.293453125 0.46020312499999994 0.03390625 0.068171875
0 0.210453125 0.125125 0.025671875 0.032468750000000005
0 0.291015625 0.12084375 0.0249375 0.036078125
0 0.2605 0.727546875 0.0456875 0.099796875
0 0.45873437499999997 0.45971875000000006 0.029312500000000002 0.0703125
0 0.444828125 0.951171875 0.031921875 0.08709375
0 0.312984375 0.119390625 0.024609375 0.03621875
0 0.613765625 0.45873437499999997 0.0235625 0.0674375
0 0.30884375 0.40112500000000006 0.028546875 0.055609375
0 0.2524375 0.40454687500000003 0.032718750000000005 0.058015625
0 0.58203125 0.461421875 0.02484375 0.064875
0 0.509765625 0.618171875 0.025671875 0.0834375
0 0.49071875 0.039421875 0.018265625 0.041078125
0 0.524421875 0.40209374999999997 0.0255625 0.056640625
0 0.473140625 0.148921875 0.021406249999999998 0.043609375
0 0.09601562500000001 0.39990625 0.037593749999999995 0.06021875
0 0.3984375 0.46264062499999997 0.030109375 0.071046875
0 0.49121875 0.39696875 0.025468750000000002 0.061984375
0 0.54590625 0.954109375 0.030921874999999998 0.08478125
0 0.75390625 0.9487343750000001 0.03628125 0.09618750000000001
0 0.37621875 0.287359375 0.026765624999999998 0.05625
0 0.088984375 0.163703125 0.031015625 0.04578125
0 0.03540625 0.612796875 0.040765625 0.0676875
0 0.1276875 0.6123125 0.042640625 0.084046875
0 0.133296875 0.15990625 0.029249999999999998 0.04453125
0 0.43432812500000006 0.62109375 0.035671875 0.08434375
0 0.180546875 0.057921875 0.025515624999999997 0.038609375
0 0.238765625 0.154046875 0.027375 0.0454375
0 0.331296875 0.055203125 0.01953125 0.033328125
0 0.3410625 0.46314062500000003 0.031859375 0.061640625000000004
0 0.38525 0.2368125 0.027640625000000002 0.044187500000000005
0 0.49048437500000003 0.461421875 0.026609375 0.064390625
0 0.585453125 0.395015625 0.024140625 0.06231250000000001
0 0.21179687500000002 0.922859375 0.048765625 0.1014375
0 0.092046875 0.614265625 0.043125000000000004 0.07195312499999999
0 0.411140625 0.11859375000000001 0.022890625 0.039859375
0 0.039953125 0.45971875000000006 0.039546874999999995 0.067203125
0 0.55225 0.458984375 0.024421875000000003 0.068421875
0 0.015171875000000001 0.602046875 0.030359375 0.07575
0 0.404296875 0.1538125 0.023703125 0.044859375
0 0.4296875 0.46020312499999994 0.029484375 0.070921875
0 0.499515625 0.955078125 0.03384375 0.084171875
0 0.70165625 0.9604531250000001 0.031015625 0.076421875
0 0.153078125 0.161625 0.029546875 0.04428125
0 0.61621875 0.619625 0.030734375 0.09996875
0 0.11101562499999999 0.163203125 0.029078125 0.043703124999999995
0 0.521 0.148078125 0.021328125 0.0406875
0 0.07146875 0.247796875 0.038609375 0.057374999999999995
0 0.041625 0.4038125 0.038609375 0.05014062500000001
0 0.29809375 0.240484375 0.028437499999999998 0.042328125
0 0.263921875 0.461921875 0.03796875 0.07171875
0 0.521 0.45946875 0.025953125 0.0731875
0 0.409671875 0.3879375 0.02665625 0.0674375
0 0.25025 0.119390625 0.02665625 0.03384375
0 0.349609375 0.237546875 0.029203125000000003 0.047421875
0 0.9184531249999999 0.8383749999999999 0.07421875 0.064265625
0 0.363765625 0.017109375 0.02071875 0.031859375
0 0.09253125 0.46704687500000003 0.040375 0.06096875
0 0.390140625 0.3335 0.038906249999999996 0.050812500000000003
0 0.067203125 0.46240625 0.03803125 0.06396874999999999
0 0.34009375 0.2839375 0.030328125 0.058562499999999997
0 0.5546875 0.396484375 0.025 0.055937499999999994
0 0.47925000000000006 0.10778125000000001 0.02284375 0.045109375
0 0.28125 0.4038125 0.03259375 0.05571875
0 0.009093750000000001 0.195921875 0.018046875 0.029484375
0 0.5234375 0.104125 0.018234375 0.0388125
0 0.9008749999999999 0.738765625 0.07409375 0.05632812499999999
0 0.43579687500000003 0.39965625 0.027375 0.05225
0 0.43432812500000006 0.015359375 0.02165625 0.03021875
0 0.70165625 0.006875000000000001 0.016718749999999998 0.013640625
0 0.23559375 0.0531875 0.025171875 0.038703125
0 0.2185 0.053500000000000006 0.022625 0.038546875
0 0.20104687499999999 0.055937499999999994 0.020796875 0.037203125
0 0.10053125 0.02203125 0.033203125 0.0255625
0 0.0305 0.139765625 0.0364375 0.0314375
0 0.06118749999999999 0.0910625 0.03515625 0.029640624999999997
0 0.21935937499999997 0.5288125 0.051765625 0.044187500000000005
0 0.91015625 0.78515625 0.06476562500000001 0.057499999999999996
0 0.110296875 0.011109375000000001 0.03390625 0.021281249999999998
0 0.306640625 0.01615625 0.017906250000000002 0.0315625
0 0.1429375 0.064265625 0.024703125 0.03521875
0 0.08478125 0.04978125 0.032953125 0.026109375
0 0.10521875 0.12865625 0.026359375 0.025671875
0 0.018484375 0.04271875 0.034937499999999996 0.03028125
0 0.22985937500000003 0.026500000000000003 0.026765624999999998 0.029203125000000003
0 0.268796875 0.022328124999999997 0.02203125 0.029984375
0 0.1794375 0.031203124999999998 0.029484375 0.033265625
0 0.027328124999999998 0.01328125 0.02784375 0.025859375
0 0.21203124999999998 0.0268125 0.023765625000000002 0.028015625
0 0.04553125 0.124875 0.03371875 0.030921874999999998
0 0.128296875 0.127078125 0.03621875 0.03125
0 0.286375 0.020499999999999997 0.022765625 0.03028125
0 0.008875 0.71240625 0.017734375 0.07434375
0 0.011578125 0.0703125 0.023171875 0.038609375
0 0.007890625 0.39990625 0.015796875 0.050328125