0 0.3151875 0.048578125 0.021984375 0.043765625
0 0.25928125 0.058984375 0.0235625 0.038109375
0 0.294671875 0.051453125 0.02253125 0.038546875
0 0.21814062500000003 0.064203125 0.025 0.037328125000000004
0 0.234734375 0.021234375 0.02284375 0.04009375
0 0.45092187499999997 0.047328125 0.01934375 0.036078125
0 0.1565 0.033390625 0.024703125 0.02828125
0 0.490234375 0.046625 0.019125 0.034828125
0 0.45434374999999994 0.0155 0.020515625000000003 0.031
0 0.42895312499999994 0.050328125 0.019765625000000002 0.036984375
0 0.2685625 0.01953125 0.021484375 0.037593749999999995
0 0.1638125 0.064203125 0.02475 0.037046875
0 0.23132812500000002 0.12273437499999999 0.02590625 0.038171875
0 0.1951875 0.030859375 0.02434375 0.036890624999999996
0 0.14440625 0.06384375 0.023953125 0.04025
0 0.255609375 0.609859375 0.031734374999999995 0.08692187500000001
0 0.310546875 0.61571875 0.034234375 0.085390625
0 0.12865625 0.134765625 0.026859375 0.039953125
0 0.402828125 0.021046875 0.020499999999999997 0.03934375
0 0.43237500000000006 0.015734375000000002 0.01871875 0.031468750000000004
0 0.11456249999999998 0.007515625 0.0305 0.0145625
0 0.555671875 0.013421875 0.0171875 0.026265624999999997
0 0.21325 0.028015625 0.022078125 0.031140624999999998
0 0.030859375 0.006953125 0.019765625000000002 0.01390625
0 0.4006875 0.466234375 0.03053125 0.06789062500000001