0 0.367921875 0.458015625 0.032468750000000005 0.069640625
0 0.47240624999999997 0.622078125 0.029484375 0.07781249999999999
0 0.487796875 0.463375 0.025671875 0.06928125
0 0.3566875 0.04559375 0.02059375 0.040015625
0 0.40356249999999994 0.618171875 0.033015625 0.083734375
0 0.094671875 0.46167187500000006 0.0419375 0.06009375
0 0.1095 0.16271875 0.029421874999999997 0.04328125
0 0.465828125 0.3981875 0.028109375 0.0571875
0 0.140265625 0.289546875 0.032718750000000005 0.054906250000000004
0 0.51953125 0.45946875 0.02790625 0.072515625
0 0.12451562499999999 0.45971875000000006 0.03671875 0.061765625000000005
0 0.151 0.160765625 0.029203125000000003 0.042015625
0 0.396 0.046484375 0.021406249999999998 0.0388125
0 0.74609375 0.46240625 0.029703125000000004 0.073546875
0 0.40064062500000003 0.45923437500000003 0.033140625 0.072875
0 0.382078125 0.3984375 0.028703125000000003 0.05865625
0 0.1898125 0.61865625 0.037203125 0.075984375
0 0.42725 0.044921875 0.019421874999999998 0.03753125
0 0.255859375 0.052703124999999997 0.021156249999999998 0.03671875
0 0.409671875 0.397953125 0.030109375 0.058140625
0 0.372078125 0.613765625 0.032953125 0.07696875
0 0.3361875 0.61865625 0.034937499999999996 0.07585937499999999
0 0.254890625 0.62109375 0.04015625 0.07520312500000001
0 0.300046875 0.62109375 0.036625000000000005 0.07434375
0 0.759765625 0.276125 0.0245625 0.058984375
0 0.12250000000000001 0.61475 0.04146875 0.08039062500000001
0 0.2370625 0.2890625 0.0304375 0.053500000000000006
0 0.091859375 0.29321875 0.034234375 0.051453125
0 0.18725 0.2890625 0.029203125000000003 0.054593749999999996
0 0.043515625 0.461921875 0.042484375000000005 0.06646875
0 0.581546875 0.4609375 0.027437499999999997 0.072078125
0 0.54296875 0.62646875 0.029703125000000004 0.080625
0 0.090765625 0.24903124999999998 0.037328125000000004 0.045953125
0 0.3154375 0.050046875000000005 0.020765625 0.03278125
0 0.43823437500000006 0.62109375 0.033328125 0.086609375
0 0.45678124999999997 0.460453125 0.031984374999999995 0.07684375
0 0.220703125 0.619625 0.038109375 0.0754375
0 0.145390625 0.061890625 0.02521875 0.038328125000000005
0 0.294921875 0.45971875000000006 0.034421875000000005 0.06621875
0 0.612796875 0.623046875 0.0305625 0.0780625
0 0.17821875 0.45873437499999997 0.039125 0.0730625
0 0.21081249999999999 0.122015625 0.026500000000000003 0.042078125
0 0.1328125 0.24670312499999997 0.031734374999999995 0.044671875
0 0.0703125 0.46240625 0.04015625 0.06021875
0 0.20606249999999998 0.46167187500000006 0.039125 0.07195312499999999
0 0.448734375 0.04328125 0.019765625000000002 0.036625000000000005
0 0.27759375 0.05071875 0.021453125 0.034765625
0 0.034937499999999996 0.609859375 0.044765624999999996 0.072390625
0 0.525875 0.10796874999999999 0.02071875 0.041078125
0 0.615234375 0.40014062499999997 0.026265624999999997 0.056765625
0 0.63965625 0.029593750000000002 0.018265625 0.040984375
0 0.546390625 0.141484375 0.0219375 0.0468125
0 0.3361875 0.046625 0.022671875 0.038906249999999996
0 0.33984375 0.45996875 0.031609375 0.06659375
0 0.50634375 0.619625 0.030109375 0.08740624999999999
0 0.532234375 0.034234375 0.020499999999999997 0.042875
0 0.7006875 0.27490625 0.023734375 0.057796875000000004
0 0.296140625 0.047796875 0.019765625000000002 0.03678125
0 0.161625 0.060765625000000004 0.023859375 0.03521875
0 0.065 0.2526875 0.03628125 0.044
0 0.158203125 0.616703125 0.038453125 0.08196875
0 0.042812499999999996 0.253421875 0.034421875000000005 0.042812499999999996
0 0.323 0.239875 0.02665625 0.048671874999999996
0 0.8198281250000001 0.276859375 0.029703125000000004 0.06348437500000001
0 0.67040625 0.226078125 0.025171875 0.05625
0 0.2631875 0.463375 0.03521875 0.058015625
0 0.14746874999999998 0.12598437499999998 0.028546875 0.035609375
0 0.17309375 0.158078125 0.02828125 0.0419375
0 0.59521875 0.032109375 0.020796875 0.04178125
0 0.52490625 0.400875 0.026703125 0.051765625
0 0.29321875 0.11840625 0.025468750000000002 0.03671875
0 0.6171875 0.279046875 0.023328124999999998 0.059328124999999995
0 0.6899375 0.628421875 0.032046875 0.0861875
0 0.7631875 0.62109375 0.03390625 0.0834375
0 0.41431250000000003 0.1171875 0.02328125 0.038109375
0 0.09271875 0.164796875 0.027265624999999998 0.04271875
0 0.48046875 0.289796875 0.025718750000000002 0.0485
0 0.7890625 0.27221875 0.026453125 0.061890625
0 0.219109375 0.054109375 0.022468750000000003 0.03628125
0 0.306890625 0.017859375 0.020890625 0.028437499999999998
0 0.24975 0.1199375 0.02484375 0.0365625
0 0.06878125 0.61084375 0.046296875 0.0861875
0 0.023328124999999998 0.294921875 0.03521875 0.051937500000000004
0 0.260015625 0.729 0.046390625000000005 0.09912499999999999
0 0.853515625 0.46704687500000003 0.03615625 0.0678125
0 0.018562500000000003 0.45946875 0.037109375 0.067078125
0 0.1590625 0.24304687500000002 0.029546875 0.045203125
0 0.212890625 0.9243124999999999 0.046718749999999996 0.10089062499999998
0 0.168703125 0.40454687500000003 0.03528125 0.052703124999999997
0 0.3855 0.2370625 0.02865625 0.05090625
0 0.6484375 0.458984375 0.024703125 0.069390625
0 0.711421875 0.45996875 0.028703125000000003 0.072515625
0 0.8784218750000001 0.63671875 0.043609375 0.082703125
0 0.474125 0.01428125 0.018984375 0.0285625
0 0.354984375 0.11737500000000001 0.023515625000000002 0.037109375
0 0.703125 0.026265624999999997 0.020140625000000002 0.041078125
0 0.175421875 0.7295 0.047875 0.0833125
0 0.195796875 0.401859375 0.037109375 0.0546875
0 0.344484375 0.015484375 0.0229375 0.028328125
0 0.43896875 0.012921875 0.020640625000000003 0.025859375
0 0.818359375 0.462890625 0.034187499999999996 0.064640625
0 0.24975 0.24109375000000002 0.028875 0.043515625
0 0.36353125 0.01590625 0.02034375 0.029921874999999997
0 0.18262499999999998 0.056546874999999996 0.023859375 0.037109375
0 0.51415625 0.012046875 0.017515625 0.024078125
0 0.955078125 0.46459374999999997 0.038906249999999996 0.06621875
0 0.25146875 0.93359375 0.04409375 0.093203125
0 0.836921875 0.6328125 0.038171875 0.090578125
0 0.04959375 0.1095 0.0378125 0.029875000000000002
0 0.16504687499999998 0.9350625000000001 0.048578125 0.0856875
0 0.091859375 0.40404687499999997 0.0376875 0.055296875
0 0.16895312499999998 0.12323437500000001 0.025953125 0.03628125
0 0.077390625 0.0614375 0.03253125 0.029546875
0 0.031203124999999998 0.7216875 0.049859375 0.094359375
0 0.5 0.955078125 0.03896875 0.084171875
0 0.11920312500000001 0.92871875 0.04534375 0.093203125
0 0.012828125000000001 0.610359375 0.0255625 0.06928125
0 0.5415 0.953125 0.030625000000000003 0.085875
0 0.39965625 0.95215625 0.041234375000000004 0.085078125
0 0.093875 0.035953125 0.032046875 0.026359375
0 0.0190625 0.15771875 0.037265625000000004 0.03284375
0 0.112421875 0.130125 0.035828125 0.03253125
0 0.06021875 0.092046875 0.030796875 0.028937499999999998
0 0.938484375 0.40259375000000003 0.035609375 0.0558125
0 0.5336875 0.011921875 0.016718749999999998 0.02365625
0 0.98359375 0.61328125 0.0328125 0.085078125
0 0.008921875 0.20471875 0.01771875 0.043859375
0 0.0124375 0.0570625 0.024875 0.043953124999999996
0 0.554203125 0.010953125 0.01628125 0.021484375
0 0.728515625 0.727046875 0.03371875 0.091375
0 0.02365625 0.040984375 0.025468750000000002 0.0298125
0 0.723640625 0.00640625 0.017859375 0.012828125000000001
0 0.90234375 0.73340625 0.06928125 0.0570625
0 0.40234375 0.017249999999999998 0.021124999999999998 0.03125
0 0.10992187499999999 0.0108125 0.027375 0.02084375
0 0.915046875 0.7915 0.074890625 0.065125
0 0.9243124999999999 0.859375 0.0679375 0.06096875
0 0.79053125 0.00603125 0.018984375 0.012046875
0 0.958984375 0.9545937500000001 0.0704375 0.08251562500000001
0 0.0072499999999999995 0.399171875 0.014515624999999999 0.04303125