0 0.64940625 0.460625 0.027484375 0.07856250000000001
0 0.711921875 0.46020312499999994 0.0288125 0.0730625
0 0.64453125 0.276609375 0.02346875 0.059546875
0 0.679203125 0.460453125 0.02828125 0.074890625
0 0.339359375 0.46068749999999997 0.032171875 0.069515625
0 0.23303124999999997 0.466796875 0.035734375 0.0700625
0 0.81640625 0.2731875 0.028328125 0.059421875
0 0.708984375 0.399421875 0.0260625 0.061312500000000006
0 0.583015625 0.458015625 0.026203125 0.07409375
0 0.618171875 0.28028125 0.02409375 0.05728124999999999
0 0.090765625 0.46215624999999994 0.040765625 0.06118749999999999
0 0.613765625 0.45581250000000006 0.026609375 0.07396875
0 0.727546875 0.629890625 0.03253125 0.081359375
0 0.70165625 0.275140625 0.024390625 0.059750000000000004
0 0.790046875 0.2731875 0.028484375 0.059546875
0 0.836921875 0.633796875 0.039796874999999995 0.09125
0 0.45824999999999994 0.461921875 0.030109375 0.072390625
0 0.73828125 0.396484375 0.025046875000000003 0.06231250000000001
0 0.76171875 0.629390625 0.036015625 0.08228125
0 0.125609375 0.615234375 0.036078125 0.08209375
0 0.262703125 0.46410937499999994 0.036625000000000005 0.06867187500000001
0 0.6743125 0.28246875 0.022984375 0.055937499999999994
0 0.74365625 0.45946875 0.031859375 0.0754375
0 0.48901562500000006 0.45946875 0.028765625 0.072625
0 0.551265625 0.45776562500000006 0.025796875000000004 0.07146875
0 0.429203125 0.46068749999999997 0.028375 0.0675625
0 0.818359375 0.463375 0.03540625 0.06621875
0 0.779296875 0.4609375 0.032046875 0.063109375
0 0.52196875 0.457515625 0.027640625000000002 0.073671875
0 0.47534375000000006 0.625984375 0.03259375 0.0779375
0 0.778328125 0.22595312500000003 0.026703125 0.044
0 0.30103125 0.62109375 0.038234375 0.07665625000000001
0 0.77196875 0.40064062500000003 0.030046875 0.061765625000000005
0 0.7998125 0.63134375 0.036625000000000005 0.08978125
0 0.588375 0.283203125 0.02284375 0.0505
0 0.6538125 0.625984375 0.030796875 0.0779375
0 0.295171875 0.46264062499999997 0.034484375 0.067203125
0 0.774421875 0.021421875 0.020921875 0.04284375
0 0.543453125 0.625984375 0.029546875 0.0780625
0 0.255375 0.62109375 0.040921875 0.076296875
0 0.395515625 0.45996875 0.028875 0.06621875
0 0.57665625 0.62403125 0.029249999999999998 0.078484375
0 0.8539999999999999 0.465828125 0.03746875 0.0676875
0 0.689453125 0.626953125 0.0315 0.0779375
0 0.404296875 0.625 0.03378125 0.076296875
0 0.79590625 0.020374999999999997 0.02215625 0.040749999999999995
0 0.532234375 0.034765625 0.020296875 0.04271875
0 0.76075 0.276609375 0.024656249999999998 0.058140625
0 0.336421875 0.620125 0.035828125 0.077390625
0 0.7944375 0.1325625 0.02284375 0.0483125
0 0.22240625 0.61865625 0.0391875 0.077203125
0 0.367671875 0.149171875 0.022765625 0.0496875
0 0.71778125 0.135015625 0.0241875 0.05234375
0 0.50684375 0.623046875 0.030375000000000003 0.08251562500000001
0 0.8159218750000001 0.0199375 0.024046875000000002 0.038390625
0 0.367671875 0.45824999999999994 0.03353125 0.06915625
0 0.507328125 0.28515625 0.024 0.051359375
0 0.64696875 0.388921875 0.027015624999999998 0.0703125
0 0.56103125 0.2839375 0.02303125 0.05059375000000001
0 0.7685625 0.135859375 0.025374999999999998 0.0483125
0 0.613765625 0.62403125 0.030671874999999998 0.079046875
0 0.43920312499999997 0.622078125 0.03409375 0.083125
0 0.158203125 0.617671875 0.045015625 0.08196875
0 0.249265625 0.241453125 0.029640624999999997 0.04409375
0 0.190671875 0.615234375 0.04025 0.08039062500000001
0 0.8779375 0.637703125 0.042328125 0.0834375
0 0.616703125 0.40064062500000003 0.025750000000000002 0.055609375
0 0.20642187500000003 0.461421875 0.03753125 0.071234375
0 0.034875 0.61475 0.042875 0.072390625
0 0.46557812500000006 0.39965625 0.02828125 0.05603125
0 0.751953125 0.024609375 0.0225 0.0419375
0 0.37353125 0.614265625 0.032718750000000005 0.078484375
0 0.806640625 0.22290625 0.027953125000000002 0.042875
0 0.587890625 0.3986875 0.025265625000000003 0.055421874999999995
0 0.53028125 0.28003125 0.022468750000000003 0.056546874999999996
0 0.30053125 0.723140625 0.038906249999999996 0.0780625
0 0.7529375 0.22778125 0.02390625 0.043703124999999995
0 0.427734375 0.282953125 0.025421875 0.057703125
0 0.9721718750000001 0.539546875 0.03875 0.07665625000000001
0 0.068546875 0.612796875 0.046109375 0.085265625
0 0.43432812500000006 0.11376562500000001 0.021859375 0.039125
0 0.67821875 0.38184375 0.026859375 0.074890625
0 0.23815624999999999 0.288578125 0.031375 0.05603125
0 0.03028125 0.723140625 0.046625 0.099484375
0 0.286625 0.28759375 0.028703125000000003 0.057703125
0 0.40307812500000006 0.2893125 0.026109375 0.05371875
0 0.74071875 0.13403125 0.023515625000000002 0.0485
0 0.72509375 0.22815625 0.023734375 0.046718749999999996
0 0.494625 0.3981875 0.027484375 0.056640625
0 0.375484375 0.289796875 0.02859375 0.05571875
0 0.729 0.7295 0.035890624999999995 0.096859375
0 0.552734375 0.393796875 0.024703125 0.061890625
0 0.123171875 0.46020312499999994 0.04009375 0.065
0 0.48046875 0.2893125 0.0260625 0.048578125
0 0.7265625 0.02346875 0.021406249999999998 0.042640625
0 0.69678125 0.227296875 0.024656249999999998 0.044437500000000005
0 0.309328125 0.2944375 0.0314375 0.05603125
0 0.43653125 0.40064062500000003 0.028375 0.053500000000000006
0 0.404296875 0.15246875 0.022375 0.042812499999999996
0 0.524421875 0.39696875 0.02615625 0.057921875
0 0.341546875 0.28809375 0.029703125000000004 0.058140625
0 0.617671875 0.23059375000000001 0.022421875 0.04303125
0 0.381109375 0.399171875 0.029312500000000002 0.058562499999999997
0 0.53759375 0.234734375 0.025265625000000003 0.04690625
0 0.18640625 0.287359375 0.0280625 0.055109375
0 0.164671875 0.9360312499999999 0.050234375 0.082390625
0 0.640140625 0.027796875 0.018437500000000002 0.045015625
0 0.40503125000000006 0.0174375 0.01953125 0.03390625
0 0.59521875 0.138796875 0.020015625000000002 0.0479375
0 0.039281250000000004 0.45946875 0.040765625 0.072390625
0 0.6435625 0.229734375 0.02346875 0.046390625000000005
0 0.22374999999999998 0.40356249999999994 0.03671875 0.05500000000000001
0 0.4086875 0.40160937499999994 0.029875000000000002 0.0531875
0 0.0676875 0.24707812499999998 0.03359375 0.04025
0 0.308109375 0.401859375 0.031078125 0.059109375
0 0.2524375 0.400875 0.033390625 0.06231250000000001
0 0.9404375 0.40404687499999997 0.034421875000000005 0.054593749999999996
0 0.06281250000000001 0.7265625 0.052515624999999996 0.10210937499999999
0 0.21106250000000001 0.2890625 0.031203124999999998 0.05645312500000001
0 0.51171875 0.73290625 0.034484375 0.094484375
0 0.64453125 0.1431875 0.023609375 0.047
0 0.705078125 0.02446875 0.01971875 0.045015625
0 0.04409375 0.122015625 0.028546875 0.03234375
0 0.02153125 0.30053125 0.034421875000000005 0.047421875
0 0.68359375 0.025421875 0.020015625000000002 0.045015625
0 0.48657812500000003 0.23254687500000001 0.025124999999999998 0.052609375
0 0.9838906250000001 0.629390625 0.02859375 0.082703125
0 0.150875 0.457515625 0.03671875 0.069953125
0 0.016328125 0.460453125 0.03265625 0.0705625
0 0.262203125 0.727046875 0.046109375 0.09875
0 0.279546875 0.40160937499999994 0.032890625 0.059875
0 0.840828125 0.392578125 0.03621875 0.0779375
0 0.17809375 0.458984375 0.03678125 0.071046875
0 0.590828125 0.23145312499999998 0.024421875000000003 0.0479375
0 0.21192187499999998 0.923828125 0.049953125 0.103765625
0 0.840828125 0.018609375 0.024 0.03621875
0 0.68896875 0.09740625 0.02203125 0.04553125
0 0.735359375 0.09503125 0.021406249999999998 0.034765625
0 0.04184375 0.25415625 0.032953125 0.042812499999999996
0 0.67090625 0.223875 0.02303125 0.04959375
0 0.9545937500000001 0.45873437499999997 0.033484375 0.0496875
0 0.047515625 0.292484375 0.03284375 0.054109375
0 0.0700625 0.29175 0.033390625 0.053984374999999994
0 0.41284375000000006 0.239015625 0.028218749999999997 0.047796875
0 0.6640625 0.100703125 0.02084375 0.04434375
0 0.778328125 0.73290625 0.042484375000000005 0.082828125
0 0.141109375 0.29028125 0.032953125 0.05625
0 0.66259375 0.02665625 0.0189375 0.046625
0 0.195796875 0.40356249999999994 0.035828125 0.056125
0 0.253171875 0.9360312499999999 0.049140625 0.0935
0 0.702640625 0.958984375 0.034703125 0.080203125
0 0.01353125 0.612796875 0.02640625 0.072625
0 0.116578125 0.291265625 0.031078125 0.054906250000000004
0 0.641109375 0.099671875 0.02096875 0.036625000000000005
0 0.76171875 0.09271875 0.022375 0.037109375
0 0.110296875 0.011109375000000001 0.037390625 0.021156249999999998
0 0.7841875 0.08496875000000001 0.025046875000000003 0.042812499999999996
0 0.09484375 0.16528125 0.029078125 0.044859375
0 0.376953125 0.043609375 0.021328125 0.041328125
0 0.713375 0.08959375 0.019984375 0.03540625
0 0.121703125 0.922859375 0.0468125 0.091734375
0 0.5415 0.955078125 0.029249999999999998 0.083125
0 0.75634375 0.9497031249999999 0.035609375 0.09601562500000001
0 0.091546875 0.40014062499999997 0.036015625 0.06029687500000001
0 0.40014062499999997 0.9575156249999999 0.043953124999999996 0.07684375
0 0.64696875 0.1745625 0.04453125 0.039125
0 0.011203125 0.7163125 0.022203125 0.08478125
0 0.017109375 0.40307812500000006 0.03421875 0.0571875
0 0.020890625 0.174921875 0.028328125 0.03796875
0 0.0935 0.035828125 0.033203125 0.025468750000000002
0 0.251953125 0.02225 0.021046875 0.028437499999999998
0 0.156375 0.031203124999999998 0.025515624999999997 0.0365625
0 0.903328125 0.7368125 0.073296875 0.06348437500000001
0 0.060765625000000004 0.39990625 0.03796875 0.054109375
0 0.21228125000000003 0.0225 0.029421874999999997 0.0270625
0 0.9243124999999999 0.34740625 0.033015625 0.055296875
0 0.07764062499999999 0.0674375 0.037593749999999995 0.0364375
0 0.9223593749999999 0.857421875 0.06609374999999999 0.070921875
0 0.0116875 0.055203125 0.021859375 0.025046875000000003
0 0.9145468749999999 0.78759375 0.076109375 0.074890625
0 0.0235625 0.037203125 0.018484375 0.026703125
0 0.95996875 0.95703125 0.07079687500000001 0.08478125
0 0.5491718750000001 0.100296875 0.022453124999999997 0.039703125
0 0.569296875 0.099859375 0.017625 0.03775
0 0.5930156249999999 0.09753125 0.014671875000000001 0.0384375
0 0.616109375 0.09996875 0.020078125 0.03046875
0 0.618265625 0.13990625 0.021171875 0.048109374999999996
0 0.57115625 0.14254687500000002 0.019234375 0.0448125
0 0.547234375 0.14578125 0.016421875 0.047
0 0.5227031249999999 0.146140625 0.018828125 0.047703125
0 0.524875 0.103375 0.01890625 0.038328125000000005
0 0.502140625 0.1076875 0.018484375 0.040515625
0 0.49815624999999997 0.154078125 0.020171875 0.04321875
0 0.48110937500000006 0.11121875 0.0171875 0.0433125
0 0.475703125 0.15131250000000002 0.01925 0.038734375
0 0.457796875 0.111484375 0.016671875 0.0363125
0 0.4525625 0.151859375 0.01909375 0.04090625
0 0.413484375 0.116796875 0.020328125 0.0394375
0 0.377625 0.11903125 0.019390625 0.04496875
0 0.355875 0.11573437499999999 0.016671875 0.038406249999999996
0 0.34809375 0.155421875 0.0171875 0.046953125
0 0.335609375 0.116796875 0.022234375 0.039421875
0 0.323953125 0.1544375 0.02253125 0.042859375
0 0.303015625 0.1541875 0.017125 0.044484375
0 0.31239062500000003 0.11456249999999998 0.019796875 0.038171875
0 0.29315625 0.11478124999999999 0.019953125 0.036484375
0 0.28385937499999997 0.151546875 0.0174375 0.046718749999999996
0 0.270484375 0.11240625 0.025406250000000002 0.042453125
0 0.261125 0.1554375 0.02265625 0.042703124999999995
0 0.237984375 0.15046874999999998 0.02175 0.052078124999999996
0 0.248875 0.117328125 0.01715625 0.0394375
0 0.228578125 0.12137500000000001 0.021249999999999998 0.03465625
0 0.2150625 0.15665625 0.020390625000000002 0.041921875
0 0.19629687499999998 0.15509375 0.015015625 0.04525
0 0.2109375 0.11840625 0.018984375 0.037296875
0 0.1891875 0.11881250000000002 0.02175 0.038109375
0 0.17376562499999998 0.1568125 0.026828125 0.050812500000000003
0 0.167234375 0.12254687500000001 0.020578125 0.03590625
0 0.15106250000000002 0.15946875 0.019671875 0.044328125
0 0.14710937500000001 0.12375 0.0200625 0.031890625
0 0.11379687499999999 0.241984375 0.0199375 0.0415625
0 0.13415625 0.24181249999999999 0.031375 0.046203125
0 0.156015625 0.240640625 0.02334375 0.043890625
0 0.181265625 0.2426875 0.02778125 0.040125
0 0.204859375 0.24129687500000002 0.027703125000000002 0.041625
0 0.22532812500000002 0.240234375 0.016828125 0.04446875
0 0.274515625 0.236734375 0.0246875 0.052468749999999995
0 0.299359375 0.238125 0.02421875 0.046671875
0 0.322546875 0.2383125 0.025656250000000002 0.044937500000000005
0 0.347296875 0.2416875 0.028234375 0.045265625
0 0.033734375 0.13770312499999998 0.032359375 0.027875
0 0.12790625 0.12342187499999999 0.026859375 0.041125
0 0.131140625 0.16259375 0.01621875 0.04921875
0 0.1054375 0.12601562500000002 0.024140625 0.042953124999999995
0 0.355890625 0.045671875 0.01715625 0.041749999999999995
0 0.33690625 0.04725 0.016328125 0.04346875
0 0.31710937499999997 0.051828125 0.022125 0.03534375
0 0.276109375 0.049625 0.014515624999999999 0.038140625
0 0.29534375 0.04984375 0.01559375 0.03571875
0 0.257125 0.052531249999999995 0.016078125 0.03459375
0 0.240125 0.05450000000000001 0.018734375 0.0335
0 0.21934375 0.054640625 0.0145625 0.02878125
0 0.19890625 0.054718750000000003 0.0196875 0.036109375
0 0.1806875 0.05771875 0.017046875 0.04209375
0 0.163546875 0.059390624999999996 0.015109375 0.037546875
0 0.177359375 0.028578125 0.018375 0.031265625000000005
0 0.19309375 0.022046875 0.017390625 0.0304375
0 0.28634375 0.018687500000000003 0.014124999999999999 0.028765625
0 0.305625 0.018765625 0.017453125 0.029609375
0 0.3239375 0.017546875 0.01884375 0.0300625
0 0.34425 0.015109375 0.018515625 0.0280625
0 0.36509375 0.0191875 0.019921875 0.038375
0 0.38459374999999996 0.0135625 0.015796875 0.026421875
0 0.11778124999999999 0.400953125 0.024515625 0.053765625
0 0.14203125 0.400453125 0.02840625 0.0480625
0 0.16771875 0.40173437500000003 0.024171875000000002 0.048843750000000005
0 0.44990625 0.043046875 0.01825 0.0419375
0 0.42915625 0.044125 0.017234375 0.0385625
0 0.471421875 0.045578125000000004 0.021718750000000002 0.042375
0 0.493265625 0.04246875 0.0203125 0.042609375
0 0.512015625 0.040890625 0.02103125 0.040375
0 0.554609375 0.035765625 0.01603125 0.042078125
0 0.574390625 0.033828125 0.01509375 0.039125
0 0.596390625 0.034875 0.018609375 0.044906249999999995
0 0.61853125 0.030640624999999998 0.016875 0.04378125
0 0.43289062500000003 0.0128125 0.0206875 0.02415625
0 0.454515625 0.011234375000000001 0.018125 0.021718750000000002
0 0.47240624999999997 0.01046875 0.017703125 0.0209375