0 0.438484375 0.6225625 0.035734375 0.0856875
0 0.49389062499999997 0.39965625 0.027484375 0.05834375000000001
0 0.5078125 0.625484375 0.0313125 0.07921875
0 0.30103125 0.620125 0.03678125 0.075015625
0 0.22131249999999997 0.61865625 0.039125 0.07421875
0 0.3356875 0.619140625 0.034359375 0.07453125000000001
0 0.25415625 0.620609375 0.040531250000000005 0.07520312500000001
0 0.0679375 0.610359375 0.046296875 0.086484375
0 0.513671875 0.23376562500000003 0.023859375 0.046625
0 0.531734375 0.28003125 0.022765625 0.05645312500000001
0 0.23523437500000002 0.46068749999999997 0.038390625 0.06659375
0 0.158453125 0.617671875 0.04559375 0.080625
0 0.81640625 0.02071875 0.0231875 0.03678125
0 0.177 0.45946875 0.038109375 0.06867187500000001
0 0.427734375 0.281984375 0.0249375 0.056546874999999996
0 0.388921875 0.238765625 0.026203125 0.0485
0 0.252203125 0.39990625 0.033203125 0.05878124999999999
0 0.5600625 0.28125 0.021015625 0.05184375
0 0.46459374999999997 0.399171875 0.026000000000000002 0.05965625
0 0.32275 0.23840625000000001 0.026500000000000003 0.0495
0 0.37109375 0.61571875 0.031375 0.075984375
0 0.614265625 0.4555625 0.024656249999999998 0.07575
0 0.064640625 0.45873437499999997 0.038546875 0.069390625
0 0.683109375 0.028968749999999998 0.0205625 0.034359375
0 0.149171875 0.45971875000000006 0.038109375 0.06671875000000001
0 0.793453125 0.13121875 0.023375 0.051171875
0 0.339359375 0.46068749999999997 0.031671875 0.0675625
0 0.6796875 0.390875 0.03378125 0.07665625000000001
0 0.348390625 0.241453125 0.02790625 0.0468125
0 0.453125 0.2841875 0.024390625 0.05632812499999999
0 0.037109375 0.46118750000000003 0.040765625 0.06903125
0 0.589359375 0.23145312499999998 0.023375 0.045875
0 0.43676562499999994 0.40064062500000003 0.025859375 0.05632812499999999
0 0.258546875 0.731453125 0.044921875 0.097046875
0 0.67090625 0.2268125 0.026000000000000002 0.056125
0 0.641109375 0.099796875 0.021484375 0.03803125
0 0.3830625 0.335203125 0.043859375 0.039125
0 0.3518125 0.40234375 0.032171875 0.058015625
0 0.26146875 0.2890625 0.03125 0.05728124999999999
0 0.40746874999999994 0.401859375 0.025078125 0.054109375
0 0.8754843749999999 0.636234375 0.040921875 0.07709375
0 0.279296875 0.401859375 0.03284375 0.06096875
0 0.23523437500000002 0.289796875 0.03278125 0.05890625000000001
0 0.020421875 0.297125 0.035484375 0.054203125
0 0.616703125 0.10265625 0.0196875 0.038546875
0 0.63965625 0.06021875 0.04296875 0.035828125
0 0.294921875 0.46118750000000003 0.03278125 0.06867187500000001
0 0.488765625 0.23071875 0.021156249999999998 0.055609375
0 0.189703125 0.61621875 0.041234375000000004 0.077203125
0 0.194953125 0.404296875 0.035546875 0.05603125
0 0.26440625 0.4609375 0.035609375 0.065984375
0 0.664546875 0.098078125 0.020515625000000003 0.04015625
0 0.8168906249999999 0.2731875 0.02865625 0.05865625
0 0.59375 0.13903125 0.02009375 0.047093750000000004
0 0.0910625 0.3986875 0.034765625 0.05645312500000001
0 0.340328125 0.28540625 0.027437499999999997 0.05645312500000001
0 0.593265625 0.098265625 0.01771875 0.045109375
0 0.185796875 0.28809375 0.033484375 0.054593749999999996
0 0.619140625 0.025796875000000004 0.01665625 0.04271875
0 0.286375 0.28759375 0.02828125 0.055421874999999995
0 0.47339062500000006 0.15137499999999998 0.021234375 0.041328125
0 0.016843749999999998 0.404296875 0.033390625 0.053796875
0 0.16271875 0.28809375 0.03234375 0.052828125000000004
0 0.094171875 0.457515625 0.04178125 0.06867187500000001
0 0.1378125 0.290046875 0.032953125 0.053093749999999995
0 0.12273437499999999 0.45873437499999997 0.0378125 0.0674375
0 0.042171875 0.40307812500000006 0.038171875 0.052515624999999996
0 0.43529687499999997 0.237921875 0.023734375 0.044437500000000005
0 0.06928125 0.292234375 0.032468750000000005 0.051546875000000006
0 0.275875 0.23620312499999999 0.029921874999999997 0.04803125
0 0.521 0.156984375 0.02153125 0.047
0 0.308109375 0.40112500000000006 0.029640624999999997 0.060765625000000004
0 0.11456249999999998 0.403328125 0.0365 0.051671875
0 0.143921875 0.402828125 0.037109375 0.05059375000000001
0 0.20984375000000002 0.2893125 0.034828125 0.057796875000000004
0 0.37403125 0.2890625 0.025671875 0.0548125
0 0.3671875 0.148796875 0.02446875 0.048765625
0 0.013796875 0.6123125 0.027328124999999998 0.0674375
0 0.54540625 0.140984375 0.020374999999999997 0.047609374999999995
0 0.495125 0.151125 0.020515625000000003 0.043703124999999995
0 0.22400000000000003 0.402828125 0.034937499999999996 0.05340625
0 0.43042187500000006 0.146 0.0225 0.0468125
0 0.11676562500000001 0.29028125 0.030625000000000003 0.050812500000000003
0 0.901375 0.73584375 0.06928125 0.061312500000000006
0 0.662109375 0.023703125 0.017640625 0.042328125
0 0.015453125000000002 0.45971875000000006 0.030906250000000003 0.06621875
0 0.5703125 0.10124999999999999 0.019609375000000002 0.045109375
0 0.595703125 0.030046875 0.017984375 0.040921875
0 0.40503125000000006 0.1483125 0.022890625 0.046625
0 0.555671875 0.031375 0.01953125 0.0403125
0 0.41332812499999994 0.114203125 0.023078124999999998 0.036078125
0 0.40209374999999997 0.286859375 0.023765625000000002 0.053890625000000004
0 0.091734375 0.1643125 0.0268125 0.044437500000000005
0 0.012421875 0.71875 0.024515625 0.084171875
0 0.047328125 0.29296875 0.033390625 0.052609375
0 0.5024375 0.10796874999999999 0.020921875 0.0391875
0 0.258796875 0.14953125 0.0270625 0.046203125
0 0.1798125 0.24401562499999999 0.0315625 0.04271875
0 0.376703125 0.04459375 0.021406249999999998 0.037203125
0 0.226078125 0.2395 0.031671875 0.040015625
0 0.214359375 0.156125 0.027734375 0.04046875
0 0.5234375 0.10895312500000001 0.019203124999999998 0.040625
0 0.13 0.16114062499999998 0.027375 0.043125000000000004
0 0.01584375 0.177125 0.030796875 0.038390625
0 0.15746875 0.24096875 0.026546874999999998 0.03896875
0 0.43359375 0.11200000000000002 0.019453124999999998 0.03409375
0 0.354984375 0.11737500000000001 0.0241875 0.035828125
0 0.13134375 0.24523437499999998 0.034187499999999996 0.044
0 0.04271875 0.251703125 0.03384375 0.037328125000000004
0 0.098578125 0.023703125 0.031796875 0.029203125000000003
0 0.432125 0.014453125 0.018546874999999997 0.027484375
0 0.32275 0.152703125 0.024140625 0.040531250000000005
0 0.45923437500000003 0.108578125 0.021484375 0.0403125
0 0.064640625 0.250734375 0.0313125 0.035609375
0 0.047093750000000004 0.10895312500000001 0.034296875 0.034359375
0 0.34790625 0.148921875 0.025625 0.046546875
0 0.192875 0.1539375 0.027640625000000002 0.042171875
0 0.284671875 0.01971875 0.02475 0.03253125
0 0.480953125 0.11101562499999999 0.020374999999999997 0.038546875
0 0.42871875 0.043703124999999995 0.01984375 0.03634375
0 0.10895312500000001 0.16259375 0.0268125 0.042328125
0 0.45142187500000003 0.145140625 0.02071875 0.046203125
0 0.547359375 0.0965625 0.015609375 0.035953125
0 0.20104687499999999 0.24365625 0.033390625 0.041234375000000004
0 0.9282187499999999 0.8539999999999999 0.08178125 0.06153125
0 0.021984375 0.159421875 0.03390625 0.033484375
0 0.723640625 0.0063125 0.019421874999999998 0.012484375
0 0.343265625 0.015609375 0.02225 0.028968749999999998
0 0.11164062500000001 0.24903124999999998 0.031078125 0.040625
0 0.470703125 0.040531250000000005 0.019015625 0.03896875
0 0.4038125 0.014453125 0.0171875 0.02753125
0 0.557625 0.01159375 0.01771875 0.022625
0 0.08692187500000001 0.249265625 0.0305625 0.039703125
0 0.110296875 0.009234375 0.030671874999999998 0.017578125
0 0.08478125 0.0485 0.034999999999999996 0.027640625000000002
0 0.53125 0.034421875000000005 0.017640625 0.0376875
0 0.124078125 0.1274375 0.02865625 0.03284375
0 0.029546875 0.13953125 0.03528125 0.029078125
0 0.07781249999999999 0.066828125 0.0350625 0.037593749999999995
0 0.728515625 0.72509375 0.032234374999999996 0.086
0 0.841796875 0.07696875 0.018515625 0.042234375000000005
0 0.70459375 0.00646875 0.018578125 0.012625
0 0.156 0.031859375 0.027109375 0.028015625
0 0.14184375 0.0624375 0.023328124999999998 0.03253125
0 0.5961875 0.009453125 0.017109375 0.01815625
0 0.10778125000000001 0.125484375 0.024140625 0.035546875
0 0.375984375 0.1171875 0.020453125 0.03634375
0 0.79053125 0.005484375 0.01871875 0.010781250000000001
0 0.060640625000000004 0.0888125 0.03396875 0.030109375
0 0.6381875 0.008375 0.017781250000000002 0.016734375000000003
0 0.766609375 0.00590625 0.019453124999999998 0.011546875
0 0.25625 0.04634375 0.018187500000000002 0.04340625
0 0.217328125 0.051437500000000004 0.01890625 0.03375
0 0.199265625 0.05375 0.016718749999999998 0.035984375
0 0.179796875 0.05421875 0.018890625 0.037125000000000005
0 0.160796875 0.059312500000000004 0.018640625 0.0324375
0 0.228453125 0.02178125 0.015046875000000001 0.026484374999999998
0 0.21037499999999998 0.025015625000000003 0.017468749999999998 0.0263125
0 0.192765625 0.02640625 0.015640625 0.023203124999999998
0 0.17284375000000002 0.028265625 0.015437500000000002 0.021890625
0 0.236328125 0.050515624999999995 0.02384375 0.03225
0 0.273859375 0.045875 0.018546874999999997 0.033140625
0 0.27942187500000004 0.146890625 0.02021875 0.04625
0 0.30028125 0.146890625 0.019890625000000002 0.044296875
0 0.33132812500000003 0.11399999999999999 0.020078125 0.032875
0 0.163578125 0.120015625 0.019765625000000002 0.0363125
0 0.144578125 0.12465625 0.017218749999999998 0.03259375
0 0.091453125 0.6096874999999999 0.040171875 0.071046875
0 0.745125 0.00640625 0.017249999999999998 0.012765625
0 0.9067343749999999 0.7836875 0.063359375 0.052609375
0 0.68359375 0.0074375 0.019234375 0.0145625
0 0.269859375 0.10606249999999999 0.022390625 0.035421875000000005
0 0.022890625 0.040828125 0.019609375000000002 0.027734375
0 0.0076875 0.041140625 0.015125 0.027328124999999998
0 0.20773437499999997 0.119234375 0.026109375 0.03465625
0 0.18828125 0.11673437499999999 0.021140625 0.035671875
0 0.24978125 0.11170312499999999 0.019359375 0.03375