0 0.47339062500000006 0.622078125 0.031609375 0.07946875
0 0.48853125000000003 0.463875 0.027375 0.06903125
0 0.519046875 0.4585 0.0270625 0.07195312499999999
0 0.40551562499999994 0.618171875 0.03371875 0.083625
0 0.614265625 0.623046875 0.031015625 0.07764062499999999
0 0.746578125 0.46215624999999994 0.031078125 0.07434375
0 0.367921875 0.458015625 0.03125 0.068171875
0 0.23546874999999998 0.46996874999999994 0.03671875 0.06646875
0 0.19396875 0.158203125 0.03028125 0.043359375
0 0.45703125 0.458984375 0.03378125 0.079890625
0 0.61475 0.45873437499999997 0.025046875000000003 0.070671875
0 0.3725625 0.614265625 0.033265625 0.0780625
0 0.550296875 0.45776562500000006 0.025078125 0.0703125
0 0.50634375 0.6225625 0.031203124999999998 0.08434375
0 0.0936875 0.29296875 0.03775 0.05059375000000001
0 0.438484375 0.62109375 0.03353125 0.085265625
0 0.578609375 0.62403125 0.028328125 0.077203125
0 0.400875 0.45923437500000003 0.03409375 0.073546875
0 0.149171875 0.458984375 0.0365 0.06646875
0 0.395265625 0.047234375 0.02175 0.03746875
0 0.1095 0.16271875 0.029546875 0.04271875
0 0.123046875 0.46020312499999994 0.037046875 0.061890625
0 0.140875 0.289796875 0.03403125 0.053093749999999995
0 0.35790625 0.046718749999999996 0.021812500000000002 0.038453125
0 0.095515625 0.461921875 0.040765625 0.059750000000000004
0 0.54296875 0.625984375 0.029703125000000004 0.081359375
0 0.46606249999999994 0.3981875 0.030156250000000002 0.058437499999999996
0 0.426765625 0.044765624999999996 0.019375 0.037265625000000004
0 0.2368125 0.28809375 0.031375 0.053593749999999996
0 0.08978125 0.24853125 0.03378125 0.043125000000000004
0 0.6904375 0.628421875 0.031140624999999998 0.08692187500000001
0 0.31153125 0.288328125 0.029546875 0.054906250000000004
0 0.581546875 0.45971875000000006 0.025046875000000003 0.06915625
0 0.172 0.158453125 0.0249375 0.041078125
0 0.3361875 0.61865625 0.035734375 0.076421875
0 0.31103125 0.401375 0.03515625 0.058562499999999997
0 0.206546875 0.46215624999999994 0.038234375 0.072078125
0 0.337640625 0.46020312499999994 0.0313125 0.067203125
0 0.150515625 0.160890625 0.027218750000000003 0.040625
0 0.18859375 0.61865625 0.039546874999999995 0.074890625
0 0.411140625 0.396484375 0.03228125 0.058562499999999997
0 0.255125 0.620125 0.040375 0.07653125
0 0.76025 0.27490625 0.025171875 0.057921875
0 0.783203125 0.46240625 0.031203124999999998 0.073671875
0 0.375 0.289796875 0.028171875000000002 0.05632812499999999
0 0.300296875 0.62109375 0.03790625 0.0754375
0 0.61571875 0.3986875 0.027015624999999998 0.054296875
0 0.043859375 0.46240625 0.0416875 0.064640625
0 0.652828125 0.62403125 0.029031249999999998 0.086796875
0 0.132453125 0.160890625 0.028937499999999998 0.042578125
0 0.17809375 0.46020312499999994 0.0391875 0.071234375
0 0.25634375 0.051359375 0.02096875 0.03628125
0 0.22131249999999997 0.61865625 0.0388125 0.074765625
0 0.18725 0.2890625 0.0304375 0.054593749999999996
0 0.448734375 0.04296875 0.020296875 0.036625000000000005
0 0.297609375 0.0479375 0.022203125 0.035734375
0 0.53271875 0.034609375 0.021046875 0.042015625
0 0.546875 0.140984375 0.02303125 0.046203125
0 0.525875 0.10778125000000001 0.0225 0.04184375
0 0.2631875 0.46314062500000003 0.035671875 0.059203125
0 0.145140625 0.063359375 0.02409375 0.0365625
0 0.29540625 0.45946875 0.03671875 0.06621875
0 0.034999999999999996 0.609859375 0.044859375 0.071234375
0 0.27709375 0.0496875 0.02190625 0.034828125
0 0.19409375 0.058437499999999996 0.023734375 0.039546874999999995
0 0.3149375 0.05071875 0.021046875 0.031921875
0 0.043125000000000004 0.253421875 0.034765625 0.04271875
0 0.52490625 0.40064062500000003 0.028171875000000002 0.05225
0 0.80078125 0.63184375 0.038453125 0.090875
0 0.121890625 0.615234375 0.042484375000000005 0.0809375
0 0.640140625 0.029140624999999996 0.018640625 0.041625
0 0.0704375 0.46240625 0.03934375 0.058562499999999997
0 0.7006875 0.275390625 0.023375 0.0570625
0 0.161625 0.059875 0.022984375 0.035828125
0 0.307375 0.0174375 0.021703125 0.028375
0 0.11200000000000002 0.24853125 0.03253125 0.042578125
0 0.132328125 0.24596874999999999 0.03259375 0.0416875
0 0.72559375 0.625484375 0.032890625 0.0935
0 0.33959375 0.286140625 0.028109375 0.05340625
0 0.648921875 0.45923437500000003 0.025171875 0.06928125
0 0.065859375 0.2526875 0.03259375 0.042640625
0 0.228265625 0.12 0.026703125 0.03540625
0 0.32275 0.2395 0.027437499999999997 0.052031249999999994
0 0.6171875 0.279296875 0.02328125 0.058015625
0 0.711421875 0.46068749999999997 0.029375000000000002 0.072625
0 0.59521875 0.0315625 0.0205625 0.040921875
0 0.3359375 0.047093750000000004 0.022296875 0.03796875
0 0.8539999999999999 0.4663125 0.036078125 0.06878125
0 0.16895312499999998 0.40259375000000003 0.034828125 0.049859375
0 0.091859375 0.16515625 0.02615625 0.042390625
0 0.18115625 0.244875 0.031984374999999995 0.039953125
0 0.35521875 0.1169375 0.023703125 0.0365625
0 0.24865624999999997 0.11981250000000002 0.0280625 0.034828125
0 0.380375 0.116578125 0.02271875 0.038109375
0 0.8198281250000001 0.276609375 0.029984375 0.06231250000000001
0 0.1589375 0.2421875 0.029078125 0.041328125
0 0.01834375 0.46020312499999994 0.0366875 0.06659375
0 0.87890625 0.637203125 0.044 0.08251562500000001
0 0.8178750000000001 0.46264062499999997 0.034234375 0.065859375
0 0.146734375 0.125609375 0.0288125 0.034937499999999996
0 0.219484375 0.053500000000000006 0.024609375 0.035890624999999995
0 0.21276562499999999 0.9243124999999999 0.047515625 0.1014375
0 0.023421875 0.29540625 0.036078125 0.051671875
0 0.669921875 0.22643749999999999 0.025671875 0.055296875
0 0.196171875 0.40112500000000006 0.03753125 0.053593749999999996
0 0.20996874999999998 0.119015625 0.025515624999999997 0.0376875
0 0.26146875 0.728515625 0.049953125 0.098453125
0 0.17871874999999998 0.728515625 0.049312499999999995 0.082390625
0 0.837890625 0.633796875 0.039421875 0.090390625
0 0.06928125 0.610359375 0.047234375 0.08728125
0 0.48120312500000006 0.29028125 0.02759375 0.047515625
0 0.293703125 0.11754687500000001 0.0255625 0.03534375
0 0.049312499999999995 0.11046875 0.03753125 0.02975
0 0.38575 0.237546875 0.030046875 0.05184375
0 0.474609375 0.014109374999999999 0.020296875 0.028109375
0 0.363765625 0.01628125 0.020640625000000003 0.029875000000000002
0 0.43871874999999994 0.012734375000000001 0.02096875 0.025453125
0 0.065609375 0.0808125 0.0388125 0.031609375
0 0.344734375 0.01571875 0.022421875 0.028968749999999998
0 0.03125 0.7211875 0.0495 0.09253125
0 0.251703125 0.9331093750000001 0.045875 0.0935
0 0.789546875 0.272703125 0.026765624999999998 0.06085937500000001
0 0.18871875 0.12140625000000001 0.02446875 0.035953125
0 0.091859375 0.403328125 0.038906249999999996 0.055203125
0 0.25025 0.24096875 0.029640624999999997 0.044187500000000005
0 0.955078125 0.46362500000000006 0.038453125 0.06621875
0 0.168578125 0.12250000000000001 0.024515625 0.036015625
0 0.49974999999999997 0.954109375 0.03875 0.08301562500000001
0 0.16504687499999998 0.935546875 0.048953125 0.08434375
0 0.211296875 0.024890625 0.02784375 0.028765625
0 0.703609375 0.025750000000000002 0.0200625 0.040531250000000005
0 0.5336875 0.013953125 0.01771875 0.02475
0 0.018375 0.15723437499999998 0.03521875 0.031203124999999998
0 0.091859375 0.037593749999999995 0.029078125 0.023765625000000002
0 0.157953125 0.025 0.02271875 0.026203125
0 0.12067187500000001 0.12878125 0.031375 0.03125
0 0.017640625 0.406734375 0.0350625 0.0496875
0 0.554203125 0.010906250000000001 0.01934375 0.021328125
0 0.51465625 0.011703125 0.019453124999999998 0.02340625
0 0.5415 0.9526406250000001 0.033078125 0.086
0 0.59375 0.10284374999999998 0.0199375 0.038171875
0 0.012875000000000001 0.611328125 0.025750000000000002 0.069390625
0 0.11840625 0.9296875 0.041375 0.093875
0 0.983296875 0.61328125 0.03340625 0.085078125
0 0.40064062500000003 0.9526406250000001 0.042015625 0.08496875000000001
0 0.07696875 0.061890625 0.034703125 0.029640624999999997
0 0.024421875000000003 0.040828125 0.02109375 0.0305625
0 0.729 0.72803125 0.036984375 0.094484375
0 0.938484375 0.40209374999999997 0.034609375 0.056640625
0 0.9233437500000001 0.338625 0.031140624999999998 0.0505
0 0.011375 0.059328124999999995 0.022671875 0.04046875
0 0.19396875 0.027687499999999997 0.020015625000000002 0.027640625000000002
0 0.70165625 0.958015625 0.03628125 0.080203125
0 0.008953125000000001 0.206546875 0.017578125 0.042812499999999996
0 0.00990625 0.716796875 0.0198125 0.083625
0 0.9213906250000001 0.8588906250000001 0.07171875 0.064515625
0 0.903328125 0.733890625 0.0700625 0.056640625
0 0.723640625 0.0063437499999999996 0.018125 0.012671874999999999
0 0.40209374999999997 0.0174375 0.021859375 0.0315
0 0.11046875 0.009859375 0.026921875 0.01934375
0 0.9164999999999999 0.792484375 0.074765625 0.063359375
0 0.9609375 0.9565468750000001 0.066828125 0.083859375
0 0.79053125 0.00590625 0.019421874999999998 0.01146875