0 0.4086875 0.40160937499999994 0.029203125000000003 0.0625625
0 0.664546875 0.094359375 0.022468750000000003 0.04428125
0 0.09929687499999999 0.61475 0.04434375 0.069515625
0 0.3361875 0.463375 0.028015625 0.06096875
0 0.18371875 0.23303124999999997 0.029421874999999997 0.046203125
0 0.02975 0.6118125 0.048671874999999996 0.068421875
0 0.021640625 0.4086875 0.043296875 0.055421874999999995
0 0.337640625 0.11920312500000001 0.025328125 0.035546875
0 0.777828125 0.22742187500000002 0.027484375 0.047234375
0 0.044859375 0.292 0.028437499999999998 0.051671875
0 0.739265625 0.09534375 0.020890625 0.042875
0 0.11126562499999999 0.12793749999999998 0.026609375 0.043125000000000004
0 0.716796875 0.138796875 0.021281249999999998 0.039125
0 0.21032812500000003 0.122015625 0.029140624999999996 0.041625
0 0.42821875 0.46728125 0.027265624999999998 0.06021875
0 0.448734375 0.047328125 0.0225 0.033140625
0 0.46509375000000003 0.396 0.026546874999999998 0.064390625
0 0.649421875 0.46704687500000003 0.0270625 0.066828125
0 0.191046875 0.61328125 0.038390625 0.07585937499999999
0 0.31128125 0.286859375 0.02828125 0.0570625
0 0.060640625000000004 0.6118125 0.044765624999999996 0.06671875000000001
0 0.20178124999999997 0.46264062499999997 0.034359375 0.067328125
0 0.378171875 0.28809375 0.027109375 0.05109375000000001
0 0.72265625 0.621578125 0.03259375 0.0856875
0 0.30615625 0.019984375 0.02009375 0.031078125
0 0.2944375 0.11859375000000001 0.028937499999999998 0.040921875
0 0.45996875 0.237546875 0.025718750000000002 0.05014062500000001
0 0.230953125 0.46118750000000003 0.031984374999999995 0.06396874999999999
0 0.522953125 0.39965625 0.027375 0.059328124999999995
0 0.469234375 0.0416875 0.020140625000000002 0.039703125
0 0.559578125 0.282953125 0.027734375 0.049953125
0 0.4711875 0.620125 0.033140625 0.08251562500000001
0 0.640625 0.034546875 0.021578125 0.033015625
0 0.41235937500000003 0.61475 0.0315625 0.083859375
0 0.8046875 0.632328125 0.034765625 0.093015625
0 0.1565 0.623046875 0.041078125 0.07275000000000001
0 0.8779375 0.63184375 0.03934375 0.084046875
0 0.399421875 0.0483125 0.023609375 0.03228125
0 0.1169375 0.294671875 0.034546875 0.04296875
0 0.65528125 0.611328125 0.03234375 0.090265625
0 0.211296875 0.296875 0.034546875 0.0479375
0 0.507328125 0.283203125 0.026203125 0.059421875
0 0.70459375 0.0231875 0.020765625 0.041375
0 0.55225 0.460453125 0.025718750000000002 0.063234375
0 0.435546875 0.11260937499999998 0.024 0.044
0 0.018015625 0.461921875 0.036046875 0.06396874999999999
0 0.507328125 0.10265625 0.0231875 0.04303125
0 0.355953125 0.053093749999999995 0.024421875000000003 0.032718750000000005
0 0.590828125 0.23181250000000003 0.025046875000000003 0.04978125
0 0.334234375 0.62646875 0.035484375 0.072390625
0 0.31615625 0.050234375 0.0241875 0.032468750000000005
0 0.17346875 0.40454687500000003 0.0403125 0.052703124999999997
0 0.04271875 0.46509375000000003 0.038390625 0.05500000000000001
0 0.228875 0.237921875 0.030671874999999998 0.04921875
0 0.939453125 0.41309375 0.03615625 0.06085937500000001
0 0.9194375000000001 0.8032187499999999 0.07684375 0.058562499999999997
0 0.123171875 0.4585 0.038328125000000005 0.0675625
0 0.026203125 0.722171875 0.050234375 0.09221875
0 0.146734375 0.065 0.028484375 0.03390625
0 0.1484375 0.4663125 0.042328125 0.05965625
0 0.494140625 0.040531250000000005 0.025859375 0.04025
0 0.160640625 0.033390625 0.029031249999999998 0.029421874999999997
0 0.14721875 0.12067187500000001 0.02615625 0.051359375
0 0.349859375 0.2395 0.0298125 0.058140625
0 0.043515625 0.255125 0.032171875 0.043359375
0 0.238640625 0.057796875000000004 0.02446875 0.032109375
0 0.48607812499999997 0.23107812499999997 0.022296875 0.04715625
0 0.3674375 0.01621875 0.022421875 0.031796875
0 0.483890625 0.2815 0.027171875 0.055421874999999995
0 0.1744375 0.16003125 0.031609375 0.03359375
0 0.32325 0.018296875 0.01809375 0.03540625
0 0.06915625 0.2941875 0.03540625 0.051671875
0 0.23107812499999997 0.024046875000000002 0.021406249999999998 0.035609375
0 0.43384375000000003 0.01590625 0.021281249999999998 0.0313125
0 0.370359375 0.1538125 0.023953125 0.042328125
0 0.24853125 0.02225 0.024890625 0.03628125
0 0.9047812499999999 0.735359375 0.0704375 0.0546875
0 0.0531875 0.1043125 0.040375 0.035671875
0 0.556640625 0.01146875 0.02084375 0.02271875
0 0.9321249999999999 0.8706093750000001 0.073421875 0.060421875
0 0.45482812499999997 0.015953125000000002 0.019171874999999998 0.030625000000000003
0 0.09234375 0.0378125 0.03378125 0.02665625
0 0.380375 0.1171875 0.02303125 0.03540625
0 0.0675625 0.24670312499999997 0.033203125 0.045953125
0 0.0679375 0.07396875 0.035828125 0.028218749999999997
0 0.194828125 0.031375 0.028218749999999997 0.0313125
0 0.344234375 0.01665625 0.023703125 0.03240625
0 0.0195625 0.1588125 0.03753125 0.024703125
0 0.620125 0.0090625 0.019640625000000002 0.018015625
0 0.00971875 0.21240625 0.019421874999999998 0.03365625
0 0.01290625 0.18725 0.025796875000000004 0.038453125
0 0.5415 0.951171875 0.029640624999999997 0.090578125
0 0.104671875 0.011828125 0.031734374999999995 0.02303125
0 0.63965625 0.0088125 0.019296874999999998 0.0171875
0 0.02434375 0.03896875 0.026703125 0.029484375
0 0.8374062500000001 0.22290625 0.018796874999999998 0.03240625
0 0.9096718750000001 0.289796875 0.021859375 0.017296875