0 0.78025 0.465828125 0.032703125 0.0775
0 0.8139687500000001 0.458984375 0.03253125 0.07585937499999999
0 0.76415625 0.6328125 0.03365625 0.081234375
0 0.648921875 0.45337500000000003 0.025796875000000004 0.0730625
0 0.883796875 0.634765625 0.043703124999999995 0.080625
0 0.579109375 0.623046875 0.029078125 0.0753125
0 0.8520468749999999 0.46704687500000003 0.034234375 0.065984375
0 0.1743125 0.72559375 0.04184375 0.098578125
0 0.06009375 0.724609375 0.049953125 0.09875
0 0.744625 0.134640625 0.021703125 0.048765625
0 0.26075 0.729 0.04534375 0.099484375
0 0.677734375 0.395015625 0.025328125 0.056546874999999996
0 0.761234375 0.275640625 0.02365625 0.054296875
0 0.76953125 0.137578125 0.02253125 0.047796875
0 0.840828125 0.400875 0.03240625 0.060640625000000004
0 0.64209375 0.1379375 0.020890625 0.048765625
0 0.724125 0.63134375 0.03265625 0.081359375
0 0.739265625 0.461921875 0.031984374999999995 0.075984375
0 0.024 0.723640625 0.04578125 0.094671875
0 0.47192187499999994 0.62353125 0.030375000000000003 0.07934375
0 0.507328125 0.62353125 0.031015625 0.08209375
0 0.554203125 0.39746875 0.027328124999999998 0.059109375
0 0.645015625 0.39721875 0.025265625000000003 0.054109375
0 0.70996875 0.39746875 0.027796875 0.07396875
0 0.73290625 0.27465625 0.022796875 0.05696875
0 0.45923437500000003 0.461921875 0.027375 0.06878125
0 0.2995625 0.728515625 0.038390625 0.078796875
0 0.796875 0.13684375 0.02346875 0.04146875
0 0.53515625 0.283203125 0.02521875 0.053593749999999996
0 0.642578125 0.275390625 0.021124999999999998 0.055296875
0 0.543953125 0.6279375 0.029203125000000003 0.070671875
0 0.43871874999999994 0.620609375 0.03234375 0.08196875
0 0.140625 0.720703125 0.045203125 0.095703125
0 0.42943749999999997 0.28490625 0.02328125 0.055937499999999994
0 0.70215625 0.275140625 0.022296875 0.0571875
0 0.464359375 0.3984375 0.026265624999999997 0.057374999999999995
0 0.20946875 0.9272500000000001 0.046390625000000005 0.1015625
0 0.09234375 0.615234375 0.044859375 0.073296875
0 0.48998437499999997 0.4585 0.0263125 0.069953125
0 0.5390625 0.234734375 0.022765625 0.04428125
0 0.49535937499999994 0.394046875 0.02615625 0.062921875
0 0.52490625 0.391109375 0.02590625 0.062109375
0 0.680671875 0.45581250000000006 0.026265624999999997 0.069515625
0 0.6171875 0.279296875 0.022328124999999997 0.05292187499999999
0 0.652828125 0.6279375 0.0298125 0.085265625
0 0.8002968750000001 0.62646875 0.0376875 0.10015624999999999
0 0.617671875 0.137203125 0.01971875 0.046484375
0 0.8466875 0.63671875 0.03803125 0.08446875000000001
0 0.671875 0.278078125 0.023234374999999998 0.0546875
0 0.8100625000000001 0.08978125 0.022671875 0.0416875
0 0.30103125 0.623046875 0.037390625 0.072875
0 0.75390625 0.2263125 0.02409375 0.045953125
0 0.5805625 0.46068749999999997 0.027640625000000002 0.069953125
0 0.4868125 0.23498437499999997 0.024421875000000003 0.04321875
0 0.588875 0.281 0.02215625 0.051546875000000006
0 0.511234375 0.733890625 0.0305 0.094
0 0.79053125 0.27465625 0.025718750000000002 0.0571875
0 0.56103125 0.281734375 0.023109374999999998 0.0505
0 0.78028125 0.732421875 0.040625 0.085578125
0 0.5966875 0.730953125 0.033078125 0.093015625
0 0.76025 0.09503125 0.023765625000000002 0.0376875
0 0.8081093750000001 0.395015625 0.031203124999999998 0.05292187499999999
0 0.6875 0.630375 0.030671874999999998 0.081359375
0 0.33496875 0.622078125 0.0364375 0.06928125
0 0.615234375 0.4585 0.025468750000000002 0.06878125
0 0.29028125 0.469234375 0.0350625 0.0675625
0 0.44457812499999994 0.9526406250000001 0.032109375 0.08959375
0 0.15734375 0.619625 0.044 0.081234375
0 0.67090625 0.22374999999999998 0.02365625 0.050328125
0 0.254890625 0.623046875 0.041234375000000004 0.0704375
0 0.8266562499999999 0.736328125 0.040984375 0.09875
0 0.369625 0.62646875 0.035484375 0.073421875
0 0.42993750000000003 0.46020312499999994 0.029249999999999998 0.071234375
0 0.9526406250000001 0.482421875 0.033140625 0.065484375
0 0.61621875 0.230109375 0.023328124999999998 0.046625
0 0.66553125 0.09929687499999999 0.023421875 0.042640625
0 0.617671875 0.09753125 0.019265625 0.0406875
0 0.016593749999999997 0.458984375 0.033187499999999995 0.065859375
0 0.25025 0.9438437499999999 0.0479375 0.08740624999999999
0 0.45532812500000003 0.283453125 0.023078124999999998 0.056859375000000004
0 0.1848125 0.621578125 0.040625 0.06867187500000001
0 0.23351562499999998 0.46118750000000003 0.038609375 0.069640625
0 0.399421875 0.46068749999999997 0.031921875 0.06903125
0 0.480953125 0.281 0.024 0.058140625
0 0.5185625 0.45824999999999994 0.029421874999999997 0.07409375
0 0.818359375 0.275390625 0.027687499999999997 0.061312500000000006
0 0.12793749999999998 0.61621875 0.039640625 0.06867187500000001
0 0.40503125000000006 0.62109375 0.03359375 0.080203125
0 0.497078125 0.9555624999999999 0.036015625 0.08434375
0 0.176140625 0.46068749999999997 0.038109375 0.0705625
0 0.18909375 0.403328125 0.0390625 0.051765625
0 0.01525 0.609375 0.030046875 0.073546875
0 0.7006875 0.9614218749999999 0.03353125 0.0755625
0 0.727546875 0.02434375 0.018515625 0.03790625
0 0.16528125 0.9370156250000001 0.043515625 0.08434375
0 0.548828125 0.45678124999999997 0.024656249999999998 0.065125
0 0.1485625 0.460453125 0.03796875 0.07184375
0 0.01634375 0.40528125 0.032171875 0.047421875
0 0.250984375 0.401859375 0.03521875 0.052828125000000004
0 0.47143750000000006 0.7421875 0.031671875 0.08709375
0 0.207515625 0.460453125 0.0406875 0.070671875
0 0.494625 0.148921875 0.02190625 0.04434375
0 0.542484375 0.953125 0.029921874999999997 0.085578125
0 0.713875 0.095890625 0.021406249999999998 0.0391875
0 0.8393593750000001 0.021390625 0.021984375 0.042765625
0 0.64990625 0.953125 0.04046875 0.093015625
0 0.40160937499999994 0.2888125 0.027640625000000002 0.05878124999999999
0 0.576171875 0.030375000000000003 0.017781250000000002 0.043515625
0 0.523921875 0.10706249999999999 0.02271875 0.040984375
0 0.33984375 0.4609375 0.032718750000000005 0.06915625
0 0.349359375 0.404296875 0.03253125 0.054203125
0 0.40209374999999997 0.14965625 0.02284375 0.047796875
0 0.7295 0.72803125 0.037109375 0.094171875
0 0.041328125 0.251953125 0.03284375 0.04009375
0 0.692875 0.134890625 0.02009375 0.049046875000000004
0 0.57178125 0.102484375 0.024656249999999998 0.039640625
0 0.22179687499999998 0.40404687499999997 0.035828125 0.051765625
0 0.79540625 0.026500000000000003 0.021234375 0.03371875
0 0.81640625 0.0196875 0.0260625 0.038546875
0 0.262703125 0.461921875 0.0364375 0.07275000000000001
0 0.53125 0.03284375 0.020796875 0.04303125
0 0.22326562499999997 0.62109375 0.038390625 0.074765625
0 0.369390625 0.45629687499999994 0.034484375 0.07781249999999999
0 0.12042187499999998 0.926765625 0.04715625 0.0885
0 0.1355 0.293703125 0.03678125 0.05340625
0 0.45776562500000006 0.1095 0.0199375 0.043953124999999996
0 0.047093750000000004 0.29321875 0.034546875 0.0533125
0 0.06153125 0.614265625 0.044671875 0.07934375
0 0.039953125 0.46068749999999997 0.04146875 0.072078125
0 0.22240625 0.24378125 0.031140624999999998 0.042578125
0 0.6435625 0.22803125 0.023328124999999998 0.046203125
0 0.707515625 0.023140625 0.019015625 0.040765625
0 0.4795 0.11084374999999999 0.019171874999999998 0.034765625
0 0.299078125 0.04959375 0.020765625 0.03125
0 0.06671875000000001 0.17028125 0.027437499999999997 0.03803125
0 0.68653125 0.09601562500000001 0.0225 0.03615625
0 0.02446875 0.2941875 0.033203125 0.052828125000000004
0 0.750484375 0.022578124999999998 0.02409375 0.039125
0 0.6953125 0.22290625 0.02284375 0.047421875
0 0.166015625 0.4038125 0.034999999999999996 0.050234375
0 0.33471875 0.047328125 0.023421875 0.04153125
0 0.45142187500000003 0.14734375 0.023078124999999998 0.047875
0 0.411625 0.11456249999999998 0.022375 0.0391875
0 0.38159375 0.016265625 0.021281249999999998 0.032515625
0 0.17834375 0.244140625 0.029546875 0.042875
0 0.381109375 0.11578124999999999 0.020921875 0.03621875
0 0.306890625 0.40551562499999994 0.03278125 0.0546875
0 0.72803125 0.23278125 0.02390625 0.042812499999999996
0 0.309578125 0.2893125 0.028765625 0.05645312500000001
0 0.43432812500000006 0.110109375 0.023734375 0.048953125
0 0.371828125 0.1481875 0.0260625 0.0485
0 0.06867187500000001 0.45873437499999997 0.040531250000000005 0.0731875
0 0.46948437500000006 0.03803125 0.021359375 0.04184375
0 0.09515625 0.45873437499999997 0.040765625 0.071234375
0 0.3566875 0.04553125 0.02271875 0.041140625
0 0.06659375 0.248046875 0.034421875000000005 0.036984375
0 0.286375 0.286625 0.029203125000000003 0.056546874999999996
0 0.896484375 0.731453125 0.0705625 0.056859375000000004
0 0.40771875 0.3984375 0.029312500000000002 0.06804687499999999
0 0.20812499999999998 0.2915 0.029875000000000002 0.051000000000000004
0 0.379640625 0.396234375 0.028328125 0.06085937500000001
0 0.199828125 0.23975 0.030625000000000003 0.042390625
0 0.41235937500000003 0.236328125 0.02828125 0.049046875000000004
0 0.3361875 0.286859375 0.024609375 0.0558125
0 0.070671875 0.293703125 0.036984375 0.05625
0 0.473140625 0.145390625 0.022578124999999998 0.0485
0 0.985359375 0.611328125 0.028437499999999998 0.07653125
0 0.06804687499999999 0.075984375 0.034359375 0.029249999999999998
0 0.9233437500000001 0.8515625 0.073421875 0.06646875
0 0.534671875 0.012765625 0.0195625 0.025124999999999998
0 0.156734375 0.244390625 0.029921874999999997 0.045203125
0 0.3256875 0.0170625 0.022796875 0.034125
0 0.49145312499999994 0.037265625000000004 0.0199375 0.0416875
0 0.25903125 0.29028125 0.030859375 0.0570625
0 0.301765625 0.151859375 0.024609375 0.046109375
0 0.11754687500000001 0.40112500000000006 0.03796875 0.060515624999999997
0 0.267328125 0.02096875 0.0219375 0.032234374999999996
0 0.163703125 0.2888125 0.0313125 0.054109375
0 0.43359375 0.0145625 0.019984375 0.029125
0 0.286375 0.019265625 0.023609375 0.03234375
0 0.23376562500000003 0.291015625 0.0315625 0.05696875
0 0.181640625 0.289546875 0.031671875 0.05571875
0 0.18871875 0.121890625 0.031203124999999998 0.047328125
0 0.29175 0.11517187499999999 0.027015624999999998 0.03228125
0 0.277828125 0.3930625 0.0315 0.058562499999999997
0 0.6665 0.048671874999999996 0.03775 0.03278125
0 0.297359375 0.239015625 0.029984375 0.04296875
0 0.9204062499999999 0.796875 0.08039062500000001 0.059109375
0 0.03896875 0.40528125 0.036890624999999996 0.04921875
0 0.32178125 0.23718750000000002 0.031375 0.046015625
0 0.9116250000000001 0.29296875 0.032234374999999996 0.0456875
0 0.274171875 0.240234375 0.029203125000000003 0.0419375
0 0.031609375 0.140265625 0.0365 0.032109375
0 0.42699999999999994 0.04015625 0.019984375 0.0419375
0 0.47339062500000006 0.012640624999999999 0.0199375 0.025296875000000003
0 0.23059375000000001 0.116578125 0.02365625 0.03540625
0 0.087703125 0.16504687499999998 0.029640624999999997 0.043765625
0 0.013015625 0.176140625 0.024140625 0.032234374999999996
0 0.2368125 0.048953125 0.020374999999999997 0.039546874999999995
0 0.22925 0.023328124999999998 0.02521875 0.028546875
0 0.616703125 0.008703125 0.01665625 0.01740625
0 0.081234375 0.40307812500000006 0.039125 0.049859375
0 0.9477499999999999 0.953125 0.065734375 0.086296875
0 0.177 0.029593750000000002 0.0270625 0.029312500000000002
0 0.6381875 0.009296875 0.01909375 0.018187500000000002
0 0.107421875 0.010484375 0.0350625 0.019984375
0 0.663578125 0.02365625 0.018375 0.030859375
0 0.010015625 0.067078125 0.019640625000000002 0.03253125
0 0.008921875 0.193609375 0.017515625 0.031921875
0 0.040625 0.120125 0.039796874999999995 0.03796875
0 0.083734375 0.049140625 0.03390625 0.031078125
0 0.49365625 0.011640625 0.0200625 0.02271875