0 0.53125 0.281 0.023765625000000002 0.0570625
0 0.42993750000000003 0.46118750000000003 0.0280625 0.067328125
0 0.67334375 0.2836875 0.023859375 0.055515625
0 0.551765625 0.46020312499999994 0.025046875000000003 0.069640625
0 0.48071875000000003 0.2888125 0.026859375 0.049859375
0 0.761234375 0.2785625 0.025671875 0.05696875
0 0.453609375 0.287109375 0.02434375 0.053984374999999994
0 0.43628125000000006 0.40160937499999994 0.027218750000000003 0.05450000000000001
0 0.4038125 0.625984375 0.033265625 0.07709375
0 0.589359375 0.282953125 0.023609375 0.05090625
0 0.31103125 0.297125 0.029984375 0.05500000000000001
0 0.588375 0.40064062500000003 0.02484375 0.057499999999999996
0 0.5961875 0.14209375 0.021859375 0.04453125
0 0.619140625 0.140265625 0.02021875 0.046625
0 0.508296875 0.285890625 0.024140625 0.049859375
0 0.46654687499999997 0.40014062499999997 0.028171875000000002 0.056640625
0 0.3410625 0.288328125 0.028968749999999998 0.055421874999999995
0 0.78028125 0.46314062500000003 0.03240625 0.064515625
0 0.65528125 0.628421875 0.0315625 0.07946875
0 0.741703125 0.135984375 0.02253125 0.046296875
0 0.40893750000000006 0.40209374999999997 0.028328125 0.054593749999999996
0 0.452640625 0.146734375 0.021124999999999998 0.0468125
0 0.373296875 0.61475 0.0314375 0.07684375
0 0.52196875 0.146609375 0.021359375 0.04434375
0 0.61475 0.62646875 0.030796875 0.07965625
0 0.287359375 0.288578125 0.0288125 0.055203125
0 0.6171875 0.400875 0.025078125 0.05759375
0 0.794921875 0.13171875 0.022421875 0.05090625
0 0.583015625 0.46020312499999994 0.027375 0.074765625
0 0.38159375 0.401859375 0.025859375 0.058140625
0 0.6904375 0.62890625 0.030796875 0.078484375
0 0.375484375 0.29053125 0.02865625 0.05571875
0 0.546875 0.145140625 0.02165625 0.042390625
0 0.3671875 0.45728125000000003 0.0315625 0.06928125
0 0.76171875 0.63134375 0.0365 0.0833125
0 0.309078125 0.40307812500000006 0.031078125 0.065734375
0 0.726078125 0.22925 0.025515624999999997 0.0483125
0 0.5913125 0.23181250000000003 0.023234374999999998 0.050328125
0 0.49609375 0.153078125 0.021859375 0.04296875
0 0.348640625 0.151984375 0.02484375 0.04303125
0 0.577640625 0.629890625 0.029921874999999997 0.072078125
0 0.45824999999999994 0.461921875 0.029484375 0.07434375
0 0.326171875 0.1538125 0.024656249999999998 0.04015625
0 0.47485937500000003 0.151734375 0.022109375 0.04153125
0 0.64453125 0.1379375 0.02253125 0.051546875000000006
0 0.19153125 0.61571875 0.03790625 0.080625
0 0.70165625 0.273921875 0.024234375 0.063046875
0 0.275875 0.237796875 0.026859375 0.053984374999999994
0 0.52196875 0.45776562500000006 0.027734375 0.074890625
0 0.336421875 0.625484375 0.035953125 0.06878125
0 0.43628125000000006 0.23937499999999998 0.024046875000000002 0.043359375
0 0.22131249999999997 0.399171875 0.033328125 0.0614375
0 0.61865625 0.280515625 0.024234375 0.06021875
0 0.23914062500000002 0.28809375 0.030156250000000002 0.055937499999999994
0 0.30225 0.625484375 0.037593749999999995 0.069953125
0 0.42871875 0.2841875 0.02434375 0.05834375000000001
0 0.25659375 0.625 0.039640625 0.072265625
0 0.671875 0.23424999999999999 0.025171875 0.0416875
0 0.41284375000000006 0.2424375 0.025750000000000002 0.044671875
0 0.46314062500000003 0.234734375 0.022078125 0.047703125
0 0.44018750000000006 0.628421875 0.034703125 0.0779375
0 0.769046875 0.136234375 0.026109375 0.0485
0 0.04978125 0.292484375 0.031375 0.055203125
0 0.543953125 0.630859375 0.029140624999999996 0.073859375
0 0.47534375000000006 0.629890625 0.033078125 0.06890625
0 0.640140625 0.030046875 0.018187500000000002 0.041625
0 0.202875 0.24378125 0.032718750000000005 0.0456875
0 0.727546875 0.63184375 0.03284375 0.08196875
0 0.263671875 0.463875 0.035890624999999995 0.07409375
0 0.482421875 0.11260937499999998 0.020640625000000003 0.0406875
0 0.7529375 0.22815625 0.024281249999999997 0.044437500000000005
0 0.689453125 0.098453125 0.02303125 0.046546875
0 0.20801562499999998 0.46167187500000006 0.03615625 0.07585937499999999
0 0.043359375 0.254890625 0.03253125 0.04321875
0 0.77246875 0.40209374999999997 0.029312500000000002 0.05878124999999999
0 0.6796875 0.46264062499999997 0.028171875000000002 0.074640625
0 0.134890625 0.249265625 0.029984375 0.04453125
0 0.222171875 0.625 0.03753125 0.07275000000000001
0 0.71240625 0.461421875 0.029031249999999998 0.0730625
0 0.71875 0.13574999999999998 0.02434375 0.052703124999999997
0 0.790046875 0.2736875 0.029203125000000003 0.06118749999999999
0 0.278328125 0.40259375000000003 0.032718750000000005 0.06153125
0 0.034999999999999996 0.614265625 0.04321875 0.072390625
0 0.8793906249999999 0.6381875 0.042328125 0.08465625
0 0.189328125 0.28809375 0.0304375 0.055609375
0 0.54834375 0.10303124999999999 0.020921875 0.042812499999999996
0 0.262703125 0.727546875 0.04459375 0.099484375
0 0.061765625000000005 0.727046875 0.0533125 0.0989375
0 0.75146875 0.025468750000000002 0.021984375 0.04025
0 0.55371875 0.396734375 0.026265624999999997 0.06096875
0 0.619140625 0.029484375 0.019421874999999998 0.043953124999999996
0 0.524421875 0.400875 0.027484375 0.051937500000000004
0 0.532234375 0.035671875 0.0200625 0.042328125
0 0.539546875 0.2366875 0.02390625 0.045953125
0 0.250734375 0.241703125 0.0268125 0.044765624999999996
0 0.33984375 0.461921875 0.031203124999999998 0.067328125
0 0.80078125 0.632328125 0.03621875 0.08990625
0 0.744140625 0.46264062499999997 0.030921874999999998 0.073546875
0 0.49243750000000003 0.46068749999999997 0.028218749999999997 0.07159375
0 0.238640625 0.15503125 0.024609375 0.04178125
0 0.068296875 0.45923437500000003 0.041375 0.0731875
0 0.713375 0.090265625 0.0205625 0.0364375
0 0.555171875 0.03378125 0.0189375 0.042812499999999996
0 0.2836875 0.152828125 0.02590625 0.045109375
0 0.15209375 0.161859375 0.025718750000000002 0.0406875
0 0.48607812499999997 0.237546875 0.024796875 0.04921875
0 0.7788125 0.22742187500000002 0.026265624999999997 0.0454375
0 0.575203125 0.03240625 0.018796874999999998 0.04321875
0 0.817390625 0.274171875 0.030625000000000003 0.060765625000000004
0 0.258796875 0.050812500000000003 0.020015625000000002 0.036828125
0 0.8188437499999999 0.463375 0.035734375 0.06609374999999999
0 0.698734375 0.229 0.0249375 0.04303125
0 0.5961875 0.033203125 0.01934375 0.041625
0 0.0136875 0.615234375 0.026765624999999998 0.076296875
0 0.215578125 0.156734375 0.026546874999999998 0.040828125
0 0.8374062500000001 0.634765625 0.039546874999999995 0.09271875
0 0.64990625 0.45923437500000003 0.026359375 0.0700625
0 0.8549843750000001 0.46728125 0.0378125 0.06804687499999999
0 0.211421875 0.9243124999999999 0.05071875 0.10357812500000001
0 0.594234375 0.100703125 0.01890625 0.046203125
0 0.322265625 0.24584375 0.029875000000000002 0.050046875000000005
0 0.44995312500000006 0.0416875 0.021281249999999998 0.040828125
0 0.0883125 0.29296875 0.034875 0.053500000000000006
0 0.30053125 0.724125 0.038906249999999996 0.079046875
0 0.259765625 0.154546875 0.02303125 0.039125
0 0.738765625 0.396484375 0.02759375 0.06281250000000001
0 0.0403125 0.46167187500000006 0.03775 0.0731875
0 0.0305625 0.723140625 0.04553125 0.098265625
0 0.705078125 0.026500000000000003 0.018796874999999998 0.042015625
0 0.70946875 0.399421875 0.027265624999999998 0.06118749999999999
0 0.640625 0.10175000000000001 0.022296875 0.041328125
0 0.81640625 0.0205625 0.024890625 0.04046875
0 0.49439062500000003 0.04025 0.01771875 0.03678125
0 0.140375 0.289546875 0.034359375 0.0558125
0 0.458015625 0.11676562500000001 0.025671875 0.039484375
0 0.954109375 0.45996875 0.034296875 0.05242187499999999
0 0.095515625 0.16515625 0.028015625 0.042640625
0 0.21192187499999998 0.11932812500000001 0.0260625 0.039703125
0 0.1954375 0.406734375 0.035546875 0.053500000000000006
0 0.773921875 0.021890625 0.021156249999999998 0.043796875
0 0.683109375 0.025796875000000004 0.02059375 0.044
0 0.251953125 0.118171875 0.022625 0.039281250000000004
0 0.295171875 0.047093750000000004 0.016984375 0.0376875
0 0.146609375 0.40454687500000003 0.034421875000000005 0.05450000000000001
0 0.07184375 0.613765625 0.0456875 0.0834375
0 0.12621875 0.616703125 0.03403125 0.082828125
0 0.159421875 0.241703125 0.027218750000000003 0.04184375
0 0.434078125 0.11395312500000002 0.022796875 0.038234375
0 0.70215625 0.9604531250000001 0.031859375 0.078921875
0 0.79590625 0.020984375 0.021578125 0.04196875
0 0.3984375 0.047703125 0.021859375 0.040984375
0 0.47485937500000003 0.016375 0.019421874999999998 0.032765625
0 0.9750937499999999 0.54296875 0.03803125 0.06982812499999999
0 0.984375 0.629390625 0.028937499999999998 0.08228125
0 0.735359375 0.097046875 0.02284375 0.03634375
0 0.067078125 0.248046875 0.034187499999999996 0.039859375
0 0.195796875 0.159671875 0.027375 0.040531250000000005
0 0.18078125 0.244875 0.031140624999999998 0.044
0 0.16809375 0.40599999999999997 0.034296875 0.05225
0 0.501953125 0.9560625 0.03934375 0.08196875
0 0.779296875 0.737796875 0.043953124999999996 0.08990625
0 0.11578124999999999 0.40551562499999994 0.03409375 0.054593749999999996
0 0.9404375 0.403328125 0.03628125 0.0546875
0 0.093015625 0.03634375 0.03228125 0.024656249999999998
0 0.348640625 0.24634375 0.029703125000000004 0.04296875
0 0.512203125 0.733890625 0.03378125 0.093328125
0 0.5415 0.9545937500000001 0.030046875 0.08209375
0 0.03284375 0.138671875 0.035609375 0.029031249999999998
0 0.7295 0.728515625 0.03678125 0.091859375
0 0.253421875 0.939453125 0.049953125 0.089109375
0 0.164671875 0.9375 0.04978125 0.08196875
0 0.76465625 0.104125 0.02284375 0.038171875
0 0.556640625 0.0110625 0.018828125 0.021812500000000002
0 0.21973437499999998 0.053890625000000004 0.0255625 0.03896875
0 0.044671875 0.12285937499999999 0.028328125 0.029546875
0 0.755859375 0.9487343750000001 0.03515625 0.09618750000000001
0 0.3855 0.01584375 0.02096875 0.031140624999999998
0 0.011421875 0.719234375 0.02284375 0.0883125
0 0.018859375 0.405765625 0.037703125 0.05571875
0 0.0888125 0.40209374999999997 0.035953125 0.056640625
0 0.07860937500000001 0.064265625 0.031796875 0.02590625
0 0.182375 0.057374999999999995 0.023703125 0.039421875
0 0.1221875 0.9262656249999999 0.04921875 0.086609375
0 0.02109375 0.175421875 0.028484375 0.037265625000000004
0 0.61865625 0.011328125 0.01871875 0.022078125
0 0.119015625 0.29175 0.032046875 0.054296875
0 0.40112500000000006 0.958015625 0.043609375 0.076296875
0 0.92578125 0.3464375 0.033265625 0.052031249999999994
0 0.57665625 0.010906250000000001 0.01871875 0.021406249999999998
0 0.45337500000000003 0.016140625 0.021234375 0.03228125
0 0.9311562500000001 0.861328125 0.08209375 0.064875
0 0.9155312500000001 0.792 0.075984375 0.07134375
0 0.11065624999999998 0.011375 0.0365625 0.022203125
0 0.21240625 0.02365625 0.028765625 0.02640625
0 0.9028281249999999 0.735359375 0.0700625 0.0624375
0 0.0558125 0.094484375 0.03934375 0.03228125
0 0.0116875 0.05500000000000001 0.021703125 0.024281249999999997
0 0.025265625000000003 0.0388125 0.018515625 0.026500000000000003
0 0.958984375 0.9565468750000001 0.0753125 0.08154687499999999
0 0.663578125 0.00878125 0.018578125 0.01678125