0 0.40356249999999994 0.618171875 0.032890625 0.083859375
0 0.3725625 0.613765625 0.03228125 0.07696875
0 0.336421875 0.618171875 0.0350625 0.075015625
0 0.367921875 0.45824999999999994 0.03253125 0.06609374999999999
0 0.253171875 0.620609375 0.039796874999999995 0.076296875
0 0.30103125 0.620609375 0.03621875 0.07434375
0 0.190671875 0.61865625 0.0391875 0.077203125
0 0.09484375 0.1640625 0.031734374999999995 0.044765624999999996
0 0.448734375 0.043359375 0.019453124999999998 0.03678125
0 0.43896875 0.622078125 0.03265625 0.084046875
0 0.23718750000000002 0.2888125 0.030375000000000003 0.05450000000000001
0 0.22131249999999997 0.619140625 0.038703125 0.07520312500000001
0 0.210578125 0.12145312500000001 0.026453125 0.042812499999999996
0 0.140625 0.2888125 0.03371875 0.055296875
0 0.759765625 0.276125 0.02365625 0.05965625
0 0.54590625 0.14160937499999998 0.02034375 0.0468125
0 0.745609375 0.461921875 0.029593750000000002 0.07409375
0 0.525390625 0.10821875 0.020015625000000002 0.041140625
0 0.278078125 0.049859375 0.021812500000000002 0.036890624999999996
0 0.187859375 0.288578125 0.0288125 0.055109375
0 0.3361875 0.046015625 0.02303125 0.040921875
0 0.15332812499999998 0.159671875 0.027109375 0.043125000000000004
0 0.293703125 0.117796875 0.025124999999999998 0.03671875
0 0.145625 0.061765625000000005 0.026453125 0.0391875
0 0.38184375 0.399421875 0.028546875 0.06021875
0 0.48046875 0.11126562499999999 0.0190625 0.039281250000000004
0 0.162359375 0.060515624999999997 0.024046875000000002 0.036078125
0 0.133546875 0.24621875000000001 0.031015625 0.043125000000000004
0 0.091734375 0.292484375 0.034187499999999996 0.053015625
0 0.6123125 0.623046875 0.029421874999999997 0.07684375
0 0.640140625 0.029640624999999997 0.018125 0.04046875
0 0.355953125 0.04690625 0.0195625 0.038906249999999996
0 0.4140625 0.1169375 0.022625 0.038453125
0 0.322265625 0.23914062500000002 0.025625 0.048859375
0 0.177859375 0.45873437499999997 0.0390625 0.0731875
0 0.531734375 0.034999999999999996 0.019015625 0.0416875
0 0.581546875 0.45946875 0.027328124999999998 0.0730625
0 0.67040625 0.22570312499999998 0.0245625 0.056765625
0 0.12262500000000001 0.615234375 0.04015625 0.080203125
0 0.700203125 0.27465625 0.023765625000000002 0.058437499999999996
0 0.46557812500000006 0.396734375 0.027484375 0.055296875
0 0.20642187500000003 0.461921875 0.038234375 0.07079687500000001
0 0.25025 0.12 0.025374999999999998 0.036984375
0 0.45678124999999997 0.460453125 0.0313125 0.07421875
0 0.615234375 0.39965625 0.025421875 0.05625
0 0.1691875 0.40454687500000003 0.03515625 0.05340625
0 0.339109375 0.46020312499999994 0.031375 0.065984375
0 0.542 0.625 0.030671874999999998 0.077203125
0 0.59521875 0.0315625 0.020765625 0.04184375
0 0.34765625 0.24206249999999999 0.027734375 0.046109375
0 0.147578125 0.126828125 0.029484375 0.038109375
0 0.295171875 0.45971875000000006 0.034234375 0.06621875
0 0.35521875 0.11754687500000001 0.022984375 0.036984375
0 0.035671875 0.609375 0.044187500000000005 0.071046875
0 0.48046875 0.2890625 0.025265625000000003 0.04959375
0 0.21935937499999997 0.053093749999999995 0.023140625 0.0365
0 0.6171875 0.2788125 0.023609375 0.06096875
0 0.47435937499999997 0.014390625 0.018265625 0.02828125
0 0.8784218750000001 0.637203125 0.04328125 0.08301562500000001
0 0.1955625 0.40160937499999994 0.036015625 0.053500000000000006
0 0.15918749999999998 0.24365625 0.029546875 0.046546875
0 0.2605 0.729 0.0454375 0.098578125
0 0.067203125 0.60840625 0.046296875 0.085265625
0 0.181640625 0.05645312500000001 0.024234375 0.038109375
0 0.8539999999999999 0.46728125 0.036015625 0.06621875
0 0.7890625 0.27246875 0.02640625 0.061312500000000006
0 0.648921875 0.45873437499999997 0.02446875 0.06804687499999999
0 0.711421875 0.460453125 0.0268125 0.0701875
0 0.34375 0.015015625 0.021984375 0.027734375
0 0.51415625 0.0119375 0.017374999999999998 0.023875
0 0.703125 0.025265625000000003 0.019421874999999998 0.040531250000000005
0 0.307375 0.0174375 0.021578125 0.02790625
0 0.25025 0.24109375000000002 0.028937499999999998 0.043515625
0 0.21154687499999997 0.9243124999999999 0.048953125 0.1014375
0 0.43871874999999994 0.01303125 0.019421874999999998 0.0260625
0 0.48607812499999997 0.609375 0.03534375 0.10107812499999999
0 0.25146875 0.93359375 0.04321875 0.092046875
0 0.818359375 0.462890625 0.033328125 0.063359375
0 0.777828125 0.2268125 0.02665625 0.04715625
0 0.955078125 0.464359375 0.03875 0.06221875
0 0.11046875 0.132328125 0.032468750000000005 0.03634375
0 0.0779375 0.061984375 0.033140625 0.029249999999999998
0 0.096375 0.03228125 0.034703125 0.03021875
0 0.045109375 0.253421875 0.03390625 0.0416875
0 0.013421875 0.608890625 0.026546874999999998 0.068171875
0 0.8364218749999999 0.633296875 0.038390625 0.090578125
0 0.030796875 0.722171875 0.04978125 0.093875
0 0.166265625 0.9360312499999999 0.048671874999999996 0.082390625
0 0.399171875 0.95215625 0.03934375 0.083625
0 0.499515625 0.953125 0.035609375 0.08251562500000001
0 0.12067187500000001 0.9282187499999999 0.046390625000000005 0.09234375
0 0.0189375 0.1585625 0.03634375 0.034187499999999996
0 0.5415 0.9526406250000001 0.030375000000000003 0.084171875
0 0.049046875000000004 0.1095 0.034937499999999996 0.028765625
0 0.009093750000000001 0.193484375 0.017859375 0.03353125
0 0.939453125 0.40112500000000006 0.035484375 0.053015625
0 0.5546875 0.01103125 0.015953125000000002 0.02190625
0 0.29540625 0.04821875 0.021203125 0.038171875
0 0.728515625 0.72559375 0.03384375 0.090265625
0 0.901375 0.733890625 0.068296875 0.0571875
0 0.00696875 0.40112500000000006 0.0139375 0.04578125
0 0.922859375 0.856453125 0.068171875 0.059203125
0 0.9585000000000001 0.95703125 0.066953125 0.08251562500000001
0 0.013328125 0.04009375 0.025859375 0.034359375
0 0.11046875 0.01040625 0.028484375 0.020796875
0 0.9140625 0.792484375 0.072625 0.060421875