0 0.648921875 0.45776562500000006 0.025859375 0.06903125
0 0.711921875 0.46068749999999997 0.029421874999999997 0.0731875
0 0.34009375 0.461421875 0.030734375 0.06671875000000001
0 0.8168906249999999 0.273921875 0.030625000000000003 0.061312500000000006
0 0.6796875 0.46215624999999994 0.028375 0.073296875
0 0.790046875 0.2734375 0.028765625 0.06085937500000001
0 0.727046875 0.630859375 0.031984374999999995 0.081234375
0 0.588875 0.282234375 0.024281249999999997 0.05109375000000001
0 0.708984375 0.398921875 0.027437499999999997 0.060421875
0 0.74365625 0.461921875 0.03125 0.073671875
0 0.583015625 0.45923437500000003 0.026703125 0.074640625
0 0.701171875 0.2734375 0.02434375 0.061984375
0 0.36840625 0.45728125000000003 0.03228125 0.06903125
0 0.45824999999999994 0.461421875 0.030046875 0.07421875
0 0.4296875 0.46020312499999994 0.02865625 0.067078125
0 0.779296875 0.46118750000000003 0.0315 0.0614375
0 0.543953125 0.630375 0.029546875 0.07396875
0 0.76171875 0.629890625 0.0364375 0.082390625
0 0.774421875 0.021406249999999998 0.02175 0.042796875
0 0.67334375 0.282234375 0.023859375 0.055515625
0 0.532234375 0.034937499999999996 0.0190625 0.040828125
0 0.61865625 0.279296875 0.024234375 0.059203125
0 0.57715625 0.628421875 0.0298125 0.072515625
0 0.8374062500000001 0.63428125 0.039859375 0.09271875
0 0.79590625 0.020203125 0.022109375 0.04040625
0 0.6899375 0.62646875 0.031921875 0.07934375
0 0.5078125 0.28515625 0.024609375 0.050328125
0 0.125609375 0.61621875 0.034546875 0.081671875
0 0.52196875 0.457515625 0.027687499999999997 0.07520312500000001
0 0.8188437499999999 0.46215624999999994 0.03515625 0.06621875
0 0.47534375000000006 0.62890625 0.033078125 0.06878125
0 0.65478125 0.626953125 0.031984374999999995 0.07965625
0 0.336671875 0.625 0.035734375 0.06867187500000001
0 0.40404687499999997 0.62646875 0.033015625 0.0753125
0 0.616703125 0.40064062500000003 0.025374999999999998 0.057374999999999995
0 0.24975 0.24109375000000002 0.0288125 0.04184375
0 0.76025 0.274421875 0.0249375 0.058984375
0 0.46557812500000006 0.399421875 0.02790625 0.05571875
0 0.778328125 0.2263125 0.025953125 0.04434375
0 0.301765625 0.62403125 0.03803125 0.0703125
0 0.718265625 0.13525 0.0245625 0.052703124999999997
0 0.8159218750000001 0.01990625 0.02390625 0.03896875
0 0.644046875 0.13684375 0.022375 0.051765625
0 0.85546875 0.46654687499999997 0.037593749999999995 0.068296875
0 0.77196875 0.401375 0.030156250000000002 0.060421875
0 0.25634375 0.62403125 0.039640625 0.072515625
0 0.8002968750000001 0.63184375 0.0365625 0.090265625
0 0.7685625 0.135375 0.025750000000000002 0.0495
0 0.75146875 0.024390625 0.02215625 0.04178125
0 0.531734375 0.27978125 0.023234374999999998 0.05759375
0 0.296390625 0.460453125 0.032890625 0.0678125
0 0.49048437500000003 0.46167187500000006 0.028484375 0.0701875
0 0.551765625 0.458984375 0.025265625000000003 0.068546875
0 0.48071875000000003 0.289546875 0.026921875 0.04840625
0 0.26075 0.15259375 0.025328125 0.040828125
0 0.440921875 0.626953125 0.03378125 0.078484375
0 0.614265625 0.625 0.031015625 0.078921875
0 0.45434374999999994 0.285890625 0.02434375 0.053984374999999994
0 0.42895312499999994 0.2836875 0.02521875 0.05878124999999999
0 0.263921875 0.46314062500000003 0.035890624999999995 0.072390625
0 0.739265625 0.394046875 0.0260625 0.06221875
0 0.61865625 0.13903125 0.019859375000000002 0.04821875
0 0.375734375 0.288328125 0.028546875 0.0570625
0 0.15746875 0.61865625 0.043703124999999995 0.08478125
0 0.512703125 0.040625 0.019125 0.03796875
0 0.7295 0.727546875 0.037109375 0.09271875
0 0.434578125 0.11359375000000001 0.02190625 0.03796875
0 0.7944375 0.134890625 0.0219375 0.045109375
0 0.587890625 0.399421875 0.0255625 0.05696875
0 0.8793906249999999 0.6381875 0.04271875 0.085078125
0 0.250734375 0.1169375 0.02025 0.038703125
0 0.1903125 0.61621875 0.039484375 0.08106250000000001
0 0.59521875 0.137578125 0.020765625 0.049046875000000004
0 0.7265625 0.023375 0.02096875 0.042171875
0 0.524421875 0.39965625 0.027796875 0.05371875
0 0.341546875 0.28759375 0.029203125000000003 0.054109375
0 0.1643125 0.9360312499999999 0.04978125 0.08106250000000001
0 0.37378125 0.6123125 0.0314375 0.0731875
0 0.3098125 0.295171875 0.0305625 0.05440625
0 0.43628125000000006 0.40064062500000003 0.02753125 0.054203125
0 0.034828125 0.61475 0.04296875 0.072875
0 0.590828125 0.232171875 0.0241875 0.049859375
0 0.22131249999999997 0.624515625 0.038109375 0.07275000000000001
0 0.753421875 0.227296875 0.024609375 0.045203125
0 0.562015625 0.3205625 0.027437499999999997 0.053890625000000004
0 0.5546875 0.034296875 0.01815625 0.040015625
0 0.640625 0.02865625 0.018437500000000002 0.042390625
0 0.726078125 0.22815625 0.024890625 0.048671874999999996
0 0.237921875 0.287109375 0.029140624999999996 0.05450000000000001
0 0.705078125 0.02475 0.0195625 0.04409375
0 0.300046875 0.723640625 0.038906249999999996 0.079046875
0 0.689453125 0.098453125 0.0231875 0.047234375
0 0.348640625 0.151609375 0.024703125 0.043765625
0 0.9741250000000001 0.540046875 0.03515625 0.072265625
0 0.538578125 0.23596875 0.02434375 0.04690625
0 0.4086875 0.401859375 0.029375000000000002 0.05500000000000001
0 0.69775 0.22864062500000001 0.025468750000000002 0.045109375
0 0.43334374999999997 0.016609375000000003 0.019640625000000002 0.033218750000000005
0 0.38184375 0.40160937499999994 0.027640625000000002 0.060421875
0 0.47435937499999997 0.015734375000000002 0.020015625000000002 0.031484374999999995
0 0.286859375 0.288328125 0.029421874999999997 0.055609375
0 0.325921875 0.152953125 0.0249375 0.040765625
0 0.41309375 0.241828125 0.025625 0.04525
0 0.404296875 0.15209375 0.02203125 0.04321875
0 0.985359375 0.626953125 0.028218749999999997 0.08154687499999999
0 0.67090625 0.22521874999999997 0.024515625 0.0533125
0 0.207390625 0.461421875 0.0364375 0.072625
0 0.841796875 0.017609375 0.025625 0.03521875
0 0.02165625 0.301515625 0.033265625 0.047
0 0.03028125 0.72265625 0.0456875 0.09875
0 0.309328125 0.399171875 0.029640624999999997 0.06085937500000001
0 0.486328125 0.2368125 0.025468750000000002 0.049312499999999995
0 0.1586875 0.24109375000000002 0.02665625 0.040531250000000005
0 0.55371875 0.396 0.025859375 0.0626875
0 0.74121875 0.133671875 0.023375 0.04840625
0 0.043453124999999995 0.12176562500000002 0.029375000000000002 0.030156250000000002
0 0.275875 0.23718750000000002 0.027640625000000002 0.053593749999999996
0 0.2629375 0.727546875 0.04453125 0.09875
0 0.0674375 0.24634375 0.03259375 0.038171875
0 0.449703125 0.041625 0.021484375 0.040625
0 0.22290625 0.403328125 0.038234375 0.053015625
0 0.512203125 0.73340625 0.03403125 0.094359375
0 0.5961875 0.0315 0.0195 0.042484375000000005
0 0.18848437499999998 0.28759375 0.0304375 0.05603125
0 0.12451562499999999 0.45946875 0.04025 0.065
0 0.042171875 0.25365625 0.03259375 0.043125000000000004
0 0.619625 0.031375 0.0199375 0.039281250000000004
0 0.211421875 0.9243124999999999 0.051359375 0.10357812500000001
0 0.9409218750000001 0.40356249999999994 0.0364375 0.055296875
0 0.2526875 0.40599999999999997 0.03528125 0.060640625000000004
0 0.46215624999999994 0.23351562499999998 0.023421875 0.047796875
0 0.9555624999999999 0.45946875 0.034187499999999996 0.052031249999999994
0 0.683109375 0.02328125 0.0200625 0.0454375
0 0.0614375 0.7265625 0.054593749999999996 0.1015625
0 0.59375 0.10192187500000001 0.018875 0.0479375
0 0.640140625 0.10210937499999999 0.02225 0.0416875
0 0.734859375 0.09668750000000001 0.0238125 0.038171875
0 0.0483125 0.29271875 0.031984374999999995 0.0533125
0 0.541015625 0.955078125 0.03028125 0.0808125
0 0.2526875 0.9389687500000001 0.048765625 0.08959375
0 0.40404687499999997 0.01678125 0.020640625000000003 0.03278125
0 0.397953125 0.046296875 0.022984375 0.04184375
0 0.13428125 0.2476875 0.030046875 0.043765625
0 0.039796874999999995 0.4609375 0.03746875 0.07134375
0 0.32178125 0.244875 0.0298125 0.05242187499999999
0 0.151734375 0.4585 0.0388125 0.07134375
0 0.06878125 0.45873437499999997 0.041078125 0.07146875
0 0.068546875 0.61475 0.0456875 0.0833125
0 0.2578125 0.050328125 0.019453124999999998 0.03671875
0 0.43579687500000003 0.238640625 0.025421875 0.042875
0 0.8403281249999999 0.391609375 0.034703125 0.077203125
0 0.10931249999999999 0.01103125 0.035546875 0.021234375
0 0.14184375 0.2893125 0.034484375 0.055203125
0 0.348875 0.24548437500000003 0.030156250000000002 0.04328125
0 0.072265625 0.293453125 0.035484375 0.052703124999999997
0 0.196046875 0.405765625 0.03753125 0.05371875
0 0.279546875 0.40551562499999994 0.033015625 0.059328124999999995
0 0.77978125 0.740234375 0.046203125 0.095703125
0 0.943359375 0.562015625 0.039796874999999995 0.08820312500000001
0 0.70165625 0.958015625 0.03521875 0.079046875
0 0.755375 0.9497031249999999 0.034937499999999996 0.09668750000000001
0 0.712890625 0.09009375 0.0206875 0.03790625
0 0.500484375 0.9560625 0.038453125 0.0833125
0 0.096375 0.163328125 0.030859375 0.0479375
0 0.40112500000000006 0.95703125 0.04303125 0.07764062499999999
0 0.7841875 0.08465625 0.024046875000000002 0.04153125
0 0.0935 0.03615625 0.032109375 0.024796875
0 0.013125000000000001 0.615234375 0.025750000000000002 0.07585937499999999
0 0.1171875 0.292 0.031734374999999995 0.05340625
0 0.76171875 0.093203125 0.02284375 0.040531250000000005
0 0.145625 0.4038125 0.035484375 0.0548125
0 0.114984375 0.404296875 0.034999999999999996 0.0546875
0 0.011171875000000001 0.71875 0.022343750000000002 0.08692187500000001
0 0.014296875 0.40528125 0.028578125 0.053093749999999995
0 0.12262500000000001 0.922859375 0.047875 0.089484375
0 0.901375 0.735359375 0.06915625 0.060765625000000004
0 0.16784375 0.40503125000000006 0.035671875 0.051171875
0 0.039703125 0.40356249999999994 0.033328125 0.053890625000000004
0 0.020796875 0.1745625 0.027484375 0.037390625
0 0.21203124999999998 0.02253125 0.028875 0.026609375
0 0.9292031250000001 0.859375 0.0834375 0.069953125
0 0.9155312500000001 0.792 0.077203125 0.0701875
0 0.9248125 0.34765625 0.03278125 0.0531875
0 0.7734375 0.70996875 0.03621875 0.04296875
0 0.025 0.03753125 0.019265625 0.028437499999999998
0 0.011546875 0.055203125 0.022109375 0.02409375