0 0.472171875 0.62109375 0.03125 0.077515625
0 0.3669375 0.45971875000000006 0.03378125 0.07079687500000001
0 0.48949999999999994 0.464359375 0.030859375 0.06867187500000001
0 0.429203125 0.464359375 0.03253125 0.07434375
0 0.521484375 0.458984375 0.029984375 0.07159375
0 0.460453125 0.461421875 0.02784375 0.06659375
0 0.37084375 0.614265625 0.03409375 0.07684375
0 0.40259375000000003 0.61865625 0.0314375 0.080203125
0 0.6123125 0.625 0.029375000000000002 0.072875
0 0.58203125 0.455078125 0.027015624999999998 0.072265625
0 0.614265625 0.458015625 0.025953125 0.071234375
0 0.74609375 0.462890625 0.031609375 0.074640625
0 0.093328125 0.45971875000000006 0.04146875 0.06009375
0 0.118171875 0.61328125 0.0419375 0.07946875
0 0.40014062499999997 0.461421875 0.03125 0.07184375
0 0.551265625 0.45776562500000006 0.02828125 0.0701875
0 0.124078125 0.45971875000000006 0.040921875 0.06096875
0 0.296875 0.45776562500000006 0.039125 0.07079687500000001
0 0.1849375 0.618171875 0.039125 0.076109375
0 0.340328125 0.45996875 0.03359375 0.0700625
0 0.14953125 0.615234375 0.0391875 0.0805
0 0.401859375 0.2888125 0.027015624999999998 0.0571875
0 0.370359375 0.15503125 0.029078125 0.044187500000000005
0 0.065375 0.29321875 0.03396875 0.04840625
0 0.765140625 0.630375 0.033390625 0.080625
0 0.094359375 0.291015625 0.03746875 0.049953125
0 0.375 0.290046875 0.028015625 0.055296875
0 0.7319375 0.274421875 0.027218750000000003 0.060640625000000004
0 0.043765625 0.293703125 0.0313125 0.047796875
0 0.58984375 0.279296875 0.027953125000000002 0.054593749999999996
0 0.46875 0.39990625 0.0350625 0.059328124999999995
0 0.76025 0.275140625 0.02665625 0.058562499999999997
0 0.80078125 0.630859375 0.03621875 0.08820312500000001
0 0.35303125 0.395015625 0.035546875 0.06153125
0 0.405765625 0.1536875 0.0288125 0.045015625
0 0.17834375 0.45946875 0.040531250000000005 0.0700625
0 0.108578125 0.16246875 0.0305625 0.041140625
0 0.034828125 0.61084375 0.041234375000000004 0.068546875
0 0.41284375000000006 0.39721875 0.03875 0.055296875
0 0.618171875 0.398921875 0.029546875 0.053984374999999994
0 0.254390625 0.620125 0.039796874999999995 0.074890625
0 0.578125 0.623046875 0.027796875 0.076296875
0 0.283203125 0.3981875 0.03796875 0.0626875
0 0.3361875 0.619625 0.03534375 0.0753125
0 0.31153125 0.288578125 0.03125 0.05440625
0 0.21667187499999999 0.156609375 0.028484375 0.041328125
0 0.2998125 0.620609375 0.0378125 0.0755625
0 0.314203125 0.40064062500000003 0.038546875 0.0546875
0 0.25025 0.40064062500000003 0.03371875 0.06804687499999999
0 0.340828125 0.286625 0.031015625 0.051937500000000004
0 0.430671875 0.28271875 0.03028125 0.05696875
0 0.2211875 0.619140625 0.03875 0.074640625
0 0.52734375 0.400390625 0.032046875 0.05632812499999999
0 0.1405 0.289796875 0.034937499999999996 0.05292187499999999
0 0.68896875 0.626953125 0.029875000000000002 0.085078125
0 0.61865625 0.279546875 0.025421875 0.057796875000000004
0 0.542 0.624515625 0.029875000000000002 0.078484375
0 0.263671875 0.463875 0.03615625 0.058140625
0 0.379890625 0.39721875 0.029921874999999997 0.058234375000000005
0 0.258546875 0.7295 0.044437500000000005 0.09503125
0 0.65234375 0.623046875 0.02753125 0.083859375
0 0.586921875 0.395515625 0.028218749999999997 0.062921875
0 0.711921875 0.46068749999999997 0.028937499999999998 0.0731875
0 0.64990625 0.458984375 0.028437499999999998 0.07171875
0 0.43775000000000003 0.620609375 0.033015625 0.085265625
0 0.2395 0.15259375 0.032234374999999996 0.046203125
0 0.19043749999999998 0.15734375 0.029921874999999997 0.04321875
0 0.0419375 0.46167187500000006 0.039796874999999995 0.0676875
0 0.20885937499999999 0.46020312499999994 0.043859375 0.072078125
0 0.505859375 0.620609375 0.030375000000000003 0.086484375
0 0.818359375 0.462890625 0.03403125 0.065609375
0 0.2578125 0.052031249999999994 0.022328124999999997 0.03615625
0 0.87890625 0.6381875 0.043765625 0.079890625
0 0.724125 0.624515625 0.031078125 0.09253125
0 0.783203125 0.46167187500000006 0.0315 0.072625
0 0.064265625 0.6123125 0.04303125 0.08106250000000001
0 0.134515625 0.160515625 0.03396875 0.043703124999999995
0 0.354984375 0.048578125 0.02475 0.035953125
0 0.679203125 0.458984375 0.02759375 0.071046875
0 0.790046875 0.2734375 0.026703125 0.059203125
0 0.701171875 0.276609375 0.025468750000000002 0.054593749999999996
0 0.8374062500000001 0.6328125 0.03775 0.08959375
0 0.414546875 0.11578124999999999 0.026703125 0.036078125
0 0.8203125 0.278328125 0.030046875 0.05865625
0 0.042640625 0.253421875 0.031375 0.0390625
0 0.39575 0.048859375 0.024421875000000003 0.03521875
0 0.020374999999999997 0.293703125 0.030109375 0.050234375
0 0.32275 0.240234375 0.029593750000000002 0.0495
0 0.111453125 0.249265625 0.03259375 0.042578125
0 0.853515625 0.46753125000000006 0.035546875 0.066828125
0 0.349859375 0.23815624999999999 0.034703125 0.043953124999999996
0 0.42846875000000006 0.044859375 0.02178125 0.037265625000000004
0 0.296390625 0.046718749999999996 0.02346875 0.036625000000000005
0 0.17809375 0.241828125 0.0298125 0.039796874999999995
0 0.35815625 0.117796875 0.028375 0.03615625
0 0.671390625 0.226078125 0.027484375 0.056125
0 0.14551562499999998 0.399421875 0.03671875 0.06118749999999999
0 0.527828125 0.10840625 0.025046875000000003 0.0403125
0 0.5336875 0.03534375 0.022671875 0.039796874999999995
0 0.482421875 0.10931249999999999 0.026546874999999998 0.040531250000000005
0 0.439453125 0.11474999999999999 0.028171875000000002 0.0364375
0 0.48168749999999994 0.2893125 0.029546875 0.046390625000000005
0 0.090578125 0.248296875 0.032890625 0.039640625
0 0.21192187499999998 0.922859375 0.045875 0.1015625
0 0.01740625 0.460453125 0.034828125 0.06646875
0 0.5961875 0.032234374999999996 0.020421875 0.041078125
0 0.3335 0.11950000000000001 0.026265624999999997 0.036078125
0 0.641609375 0.029484375 0.021046875 0.04025
0 0.14551562499999998 0.064390625 0.025374999999999998 0.038703125
0 0.0679375 0.25146875 0.03371875 0.039703125
0 0.197265625 0.40307812500000006 0.042015625 0.053093749999999995
0 0.177375 0.72803125 0.047328125 0.082703125
0 0.314703125 0.051453125 0.023078124999999998 0.033078125
0 0.146125 0.12634375 0.029984375 0.03521875
0 0.590828125 0.229734375 0.026968750000000003 0.05371875
0 0.20020312499999998 0.059203125 0.03259375 0.03875
0 0.301765625 0.7265625 0.03775 0.07709375
0 0.03365625 0.40551562499999994 0.039421875 0.04821875
0 0.296140625 0.11840625 0.031796875 0.03403125
0 0.09234375 0.16784375 0.02665625 0.040375
0 0.061984375 0.40551562499999994 0.038906249999999996 0.049859375
0 0.24548437500000003 0.12073437499999999 0.029312500000000002 0.03521875
0 0.5078125 0.7319375 0.034187499999999996 0.093328125
0 0.388671875 0.2370625 0.03378125 0.047875
0 0.049953125 0.110109375 0.03934375 0.03021875
0 0.271 0.11878124999999999 0.0263125 0.035609375
0 0.4453125 0.951171875 0.03365625 0.085578125
0 0.158453125 0.24096875 0.029921874999999997 0.03875
0 0.092046875 0.40625 0.04184375 0.05632812499999999
0 0.276609375 0.05109375000000001 0.022765625 0.03409375
0 0.67821875 0.39478125 0.032468750000000005 0.06396874999999999
0 0.189703125 0.12273437499999999 0.024703125 0.038328125000000005
0 0.38184375 0.116328125 0.025421875 0.0365
0 0.47729687500000006 0.013375000000000001 0.02346875 0.026750000000000003
0 0.19421875 0.028484375 0.03409375 0.0305
0 0.228265625 0.12042187499999998 0.02590625 0.035546875
0 0.306640625 0.018687500000000003 0.02865625 0.031015625
0 0.168328125 0.124203125 0.024515625 0.0376875
0 0.012046875 0.609859375 0.024109375 0.06621875
0 0.1169375 0.9252968750000001 0.042484375000000005 0.08820312500000001
0 0.250484375 0.93359375 0.04296875 0.0935
0 0.03396875 0.719234375 0.054109375 0.093875
0 0.9233437500000001 0.339359375 0.0315625 0.048765625
0 0.164796875 0.9360312499999999 0.047796875 0.08251562500000001
0 0.500984375 0.954109375 0.0378125 0.08465625
0 0.288328125 0.017249999999999998 0.02409375 0.030156250000000002
0 0.1640625 0.06009375 0.024656249999999998 0.038546875
0 0.34253125 0.01984375 0.02446875 0.0305625
0 0.261234375 0.02271875 0.02190625 0.030796875
0 0.2006875 0.241828125 0.03628125 0.040375
0 0.4404375 0.01328125 0.025171875 0.026578125
0 0.181890625 0.055515625 0.027953125000000002 0.040375
0 0.114375 0.130859375 0.04025 0.03278125
0 0.019609375000000002 0.17175 0.036890624999999996 0.03634375
0 0.23424999999999999 0.024703125 0.0260625 0.03634375
0 0.5415 0.954109375 0.029593750000000002 0.085578125
0 0.024140625 0.03896875 0.021578125 0.03240625
0 0.515625 0.011828125 0.02084375 0.02346875
0 0.55371875 0.010703124999999999 0.02434375 0.021156249999999998
0 0.533203125 0.011359375 0.018609375 0.022734375
0 0.400390625 0.017046875 0.027375 0.032953125
0 0.594234375 0.10320312499999999 0.02165625 0.03790625
0 0.728515625 0.72509375 0.034187499999999996 0.08978125
0 0.013140625 0.71875 0.02628125 0.087890625
0 0.794921875 0.0238125 0.021015625 0.03875
0 0.700203125 0.9585000000000001 0.030859375 0.078796875
0 0.10089062499999998 0.01990625 0.034484375 0.031140624999999998
0 0.2526875 0.240234375 0.033015625 0.040921875
0 0.0809375 0.059546875 0.039703125 0.033140625
0 0.010171875 0.040531250000000005 0.01971875 0.031375
0 0.939453125 0.40356249999999994 0.034484375 0.0558125
0 0.38403125 0.018234375 0.026609375 0.033390625
0 0.9721718750000001 0.54053125 0.038546875 0.06021875
0 0.74609375 0.94434375 0.037265625000000004 0.10504687500000001
0 0.026546874999999998 0.15723437499999998 0.0378125 0.027109375
0 0.175421875 0.029984375 0.028703125000000003 0.033140625
0 0.9018593750000001 0.734375 0.065734375 0.05696875
0 0.72559375 0.006296875 0.0206875 0.012421875
0 0.923828125 0.857421875 0.06384375 0.061984375
0 0.9155312500000001 0.794921875 0.07134375 0.063234375
0 0.15784375 0.026453125 0.020515625000000003 0.028171875000000002
0 0.008749999999999999 0.21484375 0.016921875 0.02790625
0 0.9106406249999999 0.29565625 0.031015625 0.040375
0 0.958984375 0.954109375 0.0676875 0.08178125
0 0.9545937500000001 0.465328125 0.036015625 0.055609375
0 0.792 0.0062656249999999995 0.020890625 0.011875