0 0.3723125 0.614265625 0.032109375 0.075984375
0 0.402828125 0.619140625 0.032046875 0.08196875
0 0.366703125 0.45824999999999994 0.030671874999999998 0.06634375
0 0.356203125 0.046203125 0.020499999999999997 0.039484375
0 0.25415625 0.62109375 0.0388125 0.074765625
0 0.3361875 0.618171875 0.03403125 0.07396875
0 0.21081249999999999 0.12157812500000001 0.027171875 0.042171875
0 0.30078125 0.620125 0.035671875 0.073859375
0 0.140875 0.2893125 0.033484375 0.0546875
0 0.448734375 0.042875 0.01971875 0.037046875
0 0.23718750000000002 0.2890625 0.030859375 0.05371875
0 0.189203125 0.619625 0.038546875 0.074765625
0 0.39453125 0.047421875 0.020171875 0.037046875
0 0.74609375 0.46215624999999994 0.029921874999999997 0.074890625
0 0.09515625 0.164546875 0.032109375 0.04409375
0 0.54590625 0.14196875 0.020921875 0.047515625
0 0.2211875 0.619140625 0.0378125 0.07409375
0 0.1534375 0.160515625 0.029078125 0.043125000000000004
0 0.75928125 0.275640625 0.0241875 0.058234375000000005
0 0.18725 0.2893125 0.028765625 0.054593749999999996
0 0.278078125 0.05014062500000001 0.02178125 0.0350625
0 0.265375 0.46314062500000003 0.034875 0.05965625
0 0.401375 0.461421875 0.031015625 0.070921875
0 0.293703125 0.117796875 0.0249375 0.03634375
0 0.294921875 0.45946875 0.033078125 0.065734375
0 0.525875 0.10796874999999999 0.020140625000000002 0.04153125
0 0.382078125 0.40014062499999997 0.028109375 0.057921875
0 0.161015625 0.05996875 0.026000000000000002 0.0365
0 0.43896875 0.6225625 0.032718750000000005 0.08446875000000001
0 0.45678124999999997 0.4609375 0.0313125 0.07275000000000001
0 0.531734375 0.034937499999999996 0.0189375 0.04178125
0 0.413578125 0.11596875 0.022468750000000003 0.03934375
0 0.48046875 0.111453125 0.019234375 0.039859375
0 0.63965625 0.029984375 0.01909375 0.039703125
0 0.3361875 0.04578125 0.022671875 0.04015625
0 0.12273437499999999 0.61571875 0.04025 0.079046875
0 0.177125 0.45946875 0.038453125 0.07195312499999999
0 0.091734375 0.292484375 0.03390625 0.052515624999999996
0 0.699703125 0.275140625 0.02434375 0.057921875
0 0.465328125 0.396484375 0.028328125 0.0546875
0 0.16895312499999998 0.405765625 0.034484375 0.05340625
0 0.669921875 0.22742187500000002 0.025859375 0.055609375
0 0.612796875 0.622078125 0.03028125 0.07696875
0 0.2058125 0.46264062499999997 0.038109375 0.071234375
0 0.339109375 0.45971875000000006 0.030625000000000003 0.06609374999999999
0 0.581546875 0.45824999999999994 0.026765624999999998 0.073296875
0 0.323 0.239015625 0.026109375 0.047609374999999995
0 0.219109375 0.053093749999999995 0.0229375 0.036078125
0 0.61571875 0.39990625 0.026546874999999998 0.05632812499999999
0 0.13379687499999998 0.244390625 0.031015625 0.04184375
0 0.1483125 0.124203125 0.02865625 0.04046875
0 0.59521875 0.031078125 0.019609375000000002 0.041140625
0 0.616703125 0.279046875 0.024140625 0.06096875
0 0.25025 0.120125 0.025421875 0.036015625
0 0.48046875 0.29028125 0.025171875 0.048578125
0 0.35521875 0.11737500000000001 0.023109374999999998 0.035953125
0 0.474125 0.014171875 0.017984375 0.027484375
0 0.26025 0.728515625 0.04534375 0.10034375
0 0.03515625 0.61084375 0.042015625 0.068296875
0 0.307375 0.01640625 0.02175 0.027328124999999998
0 0.1954375 0.40259375000000003 0.035609375 0.05242187499999999
0 0.647953125 0.458984375 0.025953125 0.06878125
0 0.068546875 0.609375 0.045953125 0.085078125
0 0.182 0.056546874999999996 0.02346875 0.0378125
0 0.8784218750000001 0.63671875 0.043453124999999995 0.082390625
0 0.542484375 0.624515625 0.030625000000000003 0.077515625
0 0.17834375 0.729 0.047703125 0.08251562500000001
0 0.711421875 0.460453125 0.027484375 0.070921875
0 0.344 0.0145625 0.0219375 0.0260625
0 0.7890625 0.27196875 0.026609375 0.060421875
0 0.159296875 0.24378125 0.029421874999999997 0.044765624999999996
0 0.43871874999999994 0.01290625 0.019796875 0.025828125
0 0.51415625 0.012109375 0.018015625 0.02421875
0 0.853515625 0.46728125 0.0365 0.06634375
0 0.703125 0.025468750000000002 0.018796874999999998 0.04015625
0 0.25025 0.241828125 0.029203125000000003 0.043515625
0 0.044671875 0.2529375 0.033484375 0.040828125
0 0.777828125 0.2268125 0.026109375 0.04553125
0 0.818359375 0.462890625 0.034234375 0.06409375
0 0.296875 0.047796875 0.022625 0.037203125
0 0.251703125 0.9331093750000001 0.042390625 0.091546875
0 0.013593749999999998 0.611328125 0.027203125 0.06646875
0 0.11200000000000002 0.133296875 0.034359375 0.037593749999999995
0 0.0779375 0.0624375 0.03284375 0.02784375
0 0.8359375 0.6328125 0.0388125 0.09009375
0 0.955078125 0.46606249999999994 0.040828125 0.061765625000000005
0 0.5546875 0.01096875 0.01621875 0.0219375
0 0.030921874999999998 0.7216875 0.04959375 0.09234375
0 0.211296875 0.9252968750000001 0.045875 0.093203125
0 0.018125 0.159296875 0.03515625 0.03378125
0 0.939453125 0.401375 0.034999999999999996 0.054593749999999996
0 0.092828125 0.0364375 0.030328125 0.0249375
0 0.399421875 0.9516562499999999 0.038609375 0.08434375
0 0.166140625 0.9350625000000001 0.047703125 0.081359375
0 0.049046875000000004 0.1095 0.03515625 0.028328125
0 0.12054687500000001 0.9252968750000001 0.043515625 0.0861875
0 0.009234375 0.193359375 0.018187500000000002 0.033265625
0 0.5415 0.953125 0.030625000000000003 0.086
0 0.10192187500000001 0.0195625 0.032171875 0.027437499999999997
0 0.49926562499999994 0.954109375 0.037109375 0.08154687499999999
0 0.72803125 0.72559375 0.03403125 0.090578125
0 0.901375 0.734375 0.06890625 0.057499999999999996
0 0.006984374999999999 0.39965625 0.013968749999999999 0.043609375
0 0.9223593749999999 0.856453125 0.065125 0.05890625000000001
0 0.9125937499999999 0.788578125 0.076296875 0.064390625
0 0.958984375 0.955078125 0.06609374999999999 0.081359375