0 0.761234375 0.633296875 0.038234375 0.094
0 0.8403281249999999 0.63428125 0.0364375 0.094671875
0 0.58496875 0.45996875 0.026359375 0.06396874999999999
0 0.03775 0.612796875 0.046015625 0.073671875
0 0.806640625 0.633296875 0.035734375 0.09740625
0 0.512703125 0.03753125 0.018828125 0.0390625
0 0.40942187499999994 0.4038125 0.028937499999999998 0.06384375
0 0.614265625 0.398921875 0.027437499999999997 0.062921875
0 0.158203125 0.622078125 0.040015625 0.072515625
0 0.778328125 0.22803125 0.026500000000000003 0.049312499999999995
0 0.664546875 0.094171875 0.02009375 0.046109375
0 0.8779375 0.634765625 0.038906249999999996 0.086609375
0 0.5546875 0.3986875 0.024609375 0.06029687500000001
0 0.54540625 0.14709375 0.022890625 0.041078125
0 0.751953125 0.2268125 0.0245625 0.053796875
0 0.46948437500000006 0.040828125 0.0200625 0.040531250000000005
0 0.64453125 0.401859375 0.027437499999999997 0.05865625
0 0.675296875 0.397953125 0.027640625000000002 0.061640625000000004
0 0.742671875 0.3986875 0.030109375 0.06221875
0 0.5835 0.40209374999999997 0.026109375 0.05340625
0 0.772953125 0.392828125 0.031140624999999998 0.06671875000000001
0 0.619625 0.630859375 0.029421874999999997 0.082828125
0 0.703125 0.276375 0.024656249999999998 0.05571875
0 0.7265625 0.23034374999999999 0.0260625 0.047
0 0.594734375 0.143796875 0.021046875 0.040828125
0 0.4038125 0.28540625 0.027171875 0.05965625
0 0.7163125 0.138796875 0.02225 0.042578125
0 0.305421875 0.620125 0.038234375 0.076421875
0 0.6743125 0.27759375 0.02328125 0.053984374999999994
0 0.12793749999999998 0.620609375 0.04153125 0.081359375
0 0.70946875 0.400875 0.029031249999999998 0.060765625000000004
0 0.523921875 0.401375 0.0270625 0.055203125
0 0.79590625 0.138796875 0.0255625 0.05234375
0 0.5444375 0.626953125 0.031375 0.077515625
0 0.691890625 0.09484375 0.01971875 0.04296875
0 0.789546875 0.278078125 0.030953124999999998 0.05242187499999999
0 0.590328125 0.286375 0.024 0.05234375
0 0.18262499999999998 0.234625 0.024046875000000002 0.04940625
0 0.041328125 0.12359374999999999 0.04271875 0.033078125
0 0.9389687500000001 0.41553125 0.041328125 0.06609374999999999
0 0.641109375 0.034937499999999996 0.02071875 0.03384375
0 0.5546875 0.45946875 0.02665625 0.0679375
0 0.97559375 0.557625 0.0454375 0.07159375
0 0.766609375 0.1330625 0.025265625000000003 0.05234375
0 0.705078125 0.023375 0.021156249999999998 0.043125000000000004
0 0.522953125 0.45971875000000006 0.027109375 0.07453125000000001
0 0.77246875 0.02146875 0.02203125 0.042921875
0 0.739265625 0.095515625 0.022468750000000003 0.044859375
0 0.336421875 0.628421875 0.037109375 0.081671875
0 0.089109375 0.168828125 0.02590625 0.0419375
0 0.068421875 0.616703125 0.0454375 0.0731875
0 0.559078125 0.2836875 0.026859375 0.05340625
0 0.580078125 0.622078125 0.029921874999999997 0.0883125
0 0.80859375 0.22521874999999997 0.026609375 0.060421875
0 0.46167187500000006 0.461421875 0.028484375 0.074765625
0 0.30321875 0.154296875 0.025374999999999998 0.045203125
0 0.1745625 0.46215624999999994 0.0365625 0.068296875
0 0.4399375 0.625 0.032890625 0.08709375
0 0.01971875 0.46484375 0.039125 0.06659375
0 0.64453125 0.279046875 0.024281249999999997 0.0571875
0 0.67040625 0.2265625 0.025374999999999998 0.04715625
0 0.14709375 0.46778125 0.034703125 0.064203125
0 0.42651562500000006 0.46801562499999994 0.03253125 0.06609374999999999
0 0.667484375 0.138921875 0.022375 0.044921875
0 0.49193749999999997 0.45824999999999994 0.028109375 0.07665625000000001
0 0.341546875 0.46362500000000006 0.033203125 0.0730625
0 0.923828125 0.34790625 0.029421874999999997 0.04840625
0 0.726078125 0.024281249999999997 0.01984375 0.0416875
0 0.04328125 0.406734375 0.038609375 0.05625
0 0.377203125 0.288328125 0.0268125 0.05450000000000001
0 0.8413125000000001 0.399421875 0.031984374999999995 0.060640625000000004
0 0.23315625 0.46068749999999997 0.035828125 0.06878125
0 0.028218749999999997 0.72509375 0.049312499999999995 0.096859375
0 0.590328125 0.23229687499999999 0.024046875000000002 0.05234375
0 0.193359375 0.61621875 0.041625 0.07585937499999999
0 0.338140625 0.11962500000000001 0.02328125 0.03628125
0 0.29809375 0.460453125 0.032468750000000005 0.06890625
0 0.4819375 0.10796874999999999 0.022203125 0.04559375
0 0.692875 0.1381875 0.021234375 0.041328125
0 0.763671875 0.09503125 0.02390625 0.0365
0 0.161625 0.291265625 0.030921874999999998 0.05292187499999999
0 0.465828125 0.39575 0.029031249999999998 0.06659375
0 0.14196875 0.406734375 0.033203125 0.05645312500000001
0 0.399171875 0.047515625 0.02271875 0.034296875
0 0.0195625 0.298828125 0.03228125 0.05109375000000001
0 0.387453125 0.24071875 0.027328124999999998 0.044437500000000005
0 0.2055625 0.461921875 0.03746875 0.0705625
0 0.340578125 0.7295 0.037328125000000004 0.09618750000000001
0 0.44946875000000003 0.04303125 0.020015625000000002 0.038703125
0 0.43139062499999997 0.287109375 0.026359375 0.054109375
0 0.194953125 0.15771875 0.025124999999999998 0.041625
0 0.36865625 0.017765625 0.022109375 0.035515625
0 0.57178125 0.097234375 0.021812500000000002 0.05059375000000001
0 0.48290625 0.28246875 0.025328125 0.05625
0 0.35009375 0.402828125 0.034187499999999996 0.059203125
0 0.50928125 0.283453125 0.025859375 0.06153125
0 0.309578125 0.40234375 0.030156250000000002 0.06096875
0 0.22509375 0.40209374999999997 0.03515625 0.055203125
0 0.166625 0.40454687500000003 0.042812499999999996 0.0505
0 0.43432812500000006 0.0168125 0.021281249999999998 0.033609375000000004
0 0.069515625 0.077390625 0.03528125 0.027218750000000003
0 0.281984375 0.40478125 0.031859375 0.059109375
0 0.187625 0.290046875 0.028875 0.052515624999999996
0 0.4140625 0.110109375 0.023109374999999998 0.044
0 0.210578125 0.297609375 0.03240625 0.049140625
0 0.13184374999999998 0.29834375 0.031921875 0.04578125
0 0.253421875 0.40528125 0.034296875 0.056640625
0 0.750484375 0.54053125 0.06396874999999999 0.06890625
0 0.28809375 0.020765625 0.019984375 0.03378125
0 0.355953125 0.053796875 0.022328124999999997 0.03515625
0 0.371828125 0.1536875 0.02284375 0.04328125
0 0.285890625 0.292484375 0.028218749999999997 0.04921875
0 0.11340625 0.241828125 0.031859375 0.052609375
0 0.340828125 0.2915 0.029984375 0.05728124999999999
0 0.400390625 0.16003125 0.030796875 0.04296875
0 0.260015625 0.29175 0.027734375 0.05225
0 0.55615625 0.011875 0.018875 0.023734375
0 0.042578125 0.297359375 0.03359375 0.05292187499999999
0 0.313234375 0.288578125 0.026000000000000002 0.0558125
0 0.8530312500000001 0.47240624999999997 0.0365625 0.072390625
0 0.349859375 0.1534375 0.022796875 0.038609375
0 0.0936875 0.292 0.029546875 0.051359375
0 0.296625 0.051171875 0.022625 0.035546875
0 0.46264062499999997 0.23914062500000002 0.025625 0.05109375000000001
0 0.0703125 0.295171875 0.032468750000000005 0.053500000000000006
0 0.11260937499999998 0.164671875 0.030156250000000002 0.046109375
0 0.48828125 0.23303124999999997 0.024140625 0.051765625
0 0.619625 0.009921875 0.017640625 0.019828125
0 0.306390625 0.021015625 0.018187500000000002 0.033078125
0 0.15332812499999998 0.16028125 0.02759375 0.043859375
0 0.22643749999999999 0.238640625 0.028437499999999998 0.0496875
0 0.43896875 0.23303124999999997 0.025046875000000003 0.0548125
0 0.093203125 0.035953125 0.033390625 0.026546874999999998
0 0.089296875 0.25025 0.034609375 0.043703124999999995
0 0.015953125000000002 0.17590625 0.031609375 0.033484375
0 0.275140625 0.241703125 0.029484375 0.0454375
0 0.63965625 0.009453125 0.019640625000000002 0.018609375
0 0.22949999999999998 0.1224375 0.029249999999999998 0.038906249999999996
0 0.41284375000000006 0.2424375 0.026203125 0.044671875
0 0.915046875 0.80859375 0.075015625 0.061984375
0 0.20398437500000002 0.24365625 0.028968749999999998 0.0456875
0 0.326421875 0.01909375 0.01971875 0.035484375
0 0.21728125 0.16003125 0.025718750000000002 0.038234375
0 0.2941875 0.12054687500000001 0.026609375 0.041625
0 0.149046875 0.121703125 0.028218749999999997 0.052515624999999996
0 0.10614062500000002 0.012296875 0.03753125 0.023140625
0 0.345453125 0.017484375 0.022578124999999998 0.034953125
0 0.02446875 0.039546874999999995 0.026968750000000003 0.0315625
0 0.11340625 0.12621875 0.024234375 0.039421875
0 0.17175 0.160765625 0.027328124999999998 0.038328125000000005
0 0.2629375 0.156 0.026500000000000003 0.038328125000000005
0 0.159296875 0.032046875 0.025421875 0.028375
0 0.271734375 0.12084375 0.025 0.037593749999999995
0 0.2580625 0.05234375 0.023140625 0.037390625
0 0.9301718749999999 0.880859375 0.0809375 0.06621875
0 0.23815624999999999 0.16015625 0.02615625 0.037328125000000004
0 0.21276562499999999 0.027796875 0.02153125 0.031984374999999995
0 0.23145312499999998 0.021578125 0.024 0.0390625
0 0.182859375 0.06109375 0.022625 0.034937499999999996
0 0.14734375 0.06384375 0.023515625000000002 0.037265625000000004
0 0.20446875000000003 0.059203125 0.0225 0.03259375
0 0.8466875 0.160890625 0.020796875 0.051765625
0 0.542484375 0.947265625 0.027328124999999998 0.08757812499999999
0 0.1638125 0.060421875 0.022203125 0.03790625
0 0.22156250000000002 0.0570625 0.02390625 0.03371875
0 0.11950000000000001 0.9311562500000001 0.051765625 0.087703125