0 0.410640625 0.402828125 0.033390625 0.062921875
0 0.664546875 0.094484375 0.021281249999999998 0.044859375
0 0.184203125 0.23315625 0.028375 0.047
0 0.029921874999999997 0.6118125 0.045015625 0.0675625
0 0.0989375 0.615234375 0.042171875 0.06903125
0 0.021015625 0.40795312499999997 0.040765625 0.055203125
0 0.777828125 0.22815625 0.027265624999999998 0.047609374999999995
0 0.337640625 0.11932812500000001 0.0255625 0.035828125
0 0.045015625 0.293953125 0.027375 0.051265625
0 0.650875 0.466796875 0.029921874999999997 0.06609374999999999
0 0.739265625 0.095890625 0.02096875 0.044
0 0.716796875 0.138546875 0.021328125 0.03790625
0 0.703609375 0.275390625 0.025 0.052515624999999996
0 0.061312500000000006 0.612796875 0.043953124999999996 0.0674375
0 0.29296875 0.11920312500000001 0.028484375 0.041375
0 0.21106250000000001 0.1223125 0.029875000000000002 0.042640625
0 0.523921875 0.400390625 0.029984375 0.057921875
0 0.11164062500000001 0.12878125 0.025374999999999998 0.04459375
0 0.312015625 0.286859375 0.02790625 0.057921875
0 0.23376562500000003 0.45996875 0.03534375 0.06359375
0 0.353515625 0.400390625 0.035953125 0.05571875
0 0.20373437499999997 0.46314062500000003 0.0365625 0.06928125
0 0.3774375 0.288578125 0.02640625 0.052031249999999994
0 0.44896874999999997 0.047093750000000004 0.02190625 0.033078125
0 0.87890625 0.63184375 0.039640625 0.084046875
0 0.46948437500000006 0.041375 0.0196875 0.039703125
0 0.559578125 0.281984375 0.027687499999999997 0.0496875
0 0.42846875000000006 0.469234375 0.0314375 0.06525
0 0.75 0.46654687499999997 0.031140624999999998 0.07421875
0 0.4663125 0.396734375 0.026859375 0.06384375
0 0.306640625 0.0199375 0.020374999999999997 0.030921874999999998
0 0.22765624999999998 0.237921875 0.028437499999999998 0.049140625
0 0.641109375 0.034875 0.020499999999999997 0.033203125
0 0.43384375000000003 0.11279687499999999 0.020515625000000003 0.042640625
0 0.50684375 0.10265625 0.022375 0.042812499999999996
0 0.65478125 0.608890625 0.030859375 0.090265625
0 0.50634375 0.28246875 0.0260625 0.06231250000000001
0 0.8051718749999999 0.6328125 0.034999999999999996 0.09484375
0 0.4716875 0.620609375 0.033078125 0.083125
0 0.412109375 0.615234375 0.031609375 0.08496875000000001
0 0.21081249999999999 0.296875 0.034703125 0.047796875
0 0.147953125 0.46606249999999994 0.042015625 0.061640625000000004
0 0.40014062499999997 0.0483125 0.024281249999999997 0.03353125
0 0.705078125 0.0235625 0.021015625 0.04178125
0 0.11737500000000001 0.294921875 0.034765625 0.04321875
0 0.49096875000000006 0.040625 0.020640625000000003 0.04025
0 0.017781250000000002 0.46240625 0.035546875 0.063234375
0 0.35009375 0.24010937499999999 0.030156250000000002 0.05603125
0 0.192140625 0.614265625 0.03746875 0.07520312500000001
0 0.555171875 0.46020312499999994 0.029249999999999998 0.06671875000000001
0 0.173828125 0.40528125 0.0406875 0.053093749999999995
0 0.315921875 0.050328125 0.0245625 0.032890625
0 0.46314062500000003 0.46264062499999997 0.03240625 0.06982812499999999
0 0.33446875 0.625984375 0.035828125 0.076296875
0 0.9399374999999999 0.41185937499999997 0.034875 0.06085937500000001
0 0.590828125 0.23156249999999998 0.024515625 0.05059375000000001
0 0.12390625 0.4585 0.03896875 0.0676875
0 0.9194375000000001 0.80371875 0.07575 0.059421875
0 0.04184375 0.46509375000000003 0.03875 0.0558125
0 0.692390625 0.138671875 0.023765625000000002 0.035546875
0 0.04459375 0.25415625 0.03384375 0.0456875
0 0.356203125 0.053796875 0.023609375 0.03284375
0 0.437984375 0.23584375 0.02759375 0.055421874999999995
0 0.09221875 0.16771875 0.034484375 0.040015625
0 0.45971875000000006 0.2368125 0.023765625000000002 0.050234375
0 0.486328125 0.23229687499999999 0.021484375 0.04840625
0 0.146234375 0.065125 0.028218749999999997 0.03365625
0 0.2160625 0.159796875 0.026609375 0.034828125
0 0.48290625 0.281984375 0.026265624999999997 0.0558125
0 0.029140624999999996 0.722171875 0.05603125 0.091859375
0 0.065609375 0.46020312499999994 0.04578125 0.065984375
0 0.379890625 0.119015625 0.0268125 0.0391875
0 0.069640625 0.294921875 0.035734375 0.05184375
0 0.1481875 0.12073437499999999 0.027109375 0.05090625
0 0.23840625000000001 0.057499999999999996 0.023765625000000002 0.031671875
0 0.068421875 0.24817187500000001 0.033484375 0.047421875
0 0.370609375 0.154171875 0.024140625 0.04184375
0 0.367921875 0.01634375 0.021406249999999998 0.032046875
0 0.160515625 0.033390625 0.028437499999999998 0.029640624999999997
0 0.174078125 0.160765625 0.031609375 0.034359375
0 0.687015625 0.18078125 0.041140625 0.03284375
0 0.32396875 0.018687500000000003 0.018640625 0.03409375
0 0.19653125 0.031078125 0.030734375 0.032718750000000005
0 0.90528125 0.73584375 0.06928125 0.0548125
0 0.43432812500000006 0.01634375 0.022109375 0.031796875
0 0.23181250000000003 0.02390625 0.0219375 0.03621875
0 0.054203125 0.103765625 0.04271875 0.037109375
0 0.24865624999999997 0.022203125 0.024 0.03671875
0 0.45532812500000003 0.01571875 0.0205625 0.030953124999999998
0 0.017640625 0.18346875 0.034609375 0.0479375
0 0.93359375 0.8735312499999999 0.072265625 0.056859375000000004
0 0.557125 0.011421875 0.0205625 0.02253125
0 0.066828125 0.07585937499999999 0.040375 0.0298125
0 0.093015625 0.03803125 0.034828125 0.027171875
0 0.2395 0.160515625 0.031796875 0.034609375
0 0.344234375 0.016593749999999997 0.022203125 0.032046875
0 0.021015625 0.156859375 0.04009375 0.027437499999999997
0 0.619625 0.009109375 0.018265625 0.01821875
0 0.009140625 0.21325 0.018265625 0.032718750000000005
0 0.640140625 0.008875 0.021359375 0.017578125
0 0.10521875 0.01196875 0.030859375 0.022890625
0 0.542 0.951171875 0.029249999999999998 0.091546875
0 0.9096718750000001 0.289796875 0.023953125 0.0225
0 0.022984375 0.0391875 0.025046875000000003 0.029421874999999997