0 0.10210937499999999 0.61328125 0.042812499999999996 0.0701875
0 0.182984375 0.23315625 0.026859375 0.044859375
0 0.4086875 0.40160937499999994 0.02859375 0.06281250000000001
0 0.33740625 0.46314062500000003 0.029703125000000004 0.061640625000000004
0 0.665046875 0.094171875 0.02190625 0.043953124999999996
0 0.020921875 0.40942187499999994 0.04184375 0.055609375
0 0.029875000000000002 0.609859375 0.050046875000000005 0.068421875
0 0.338140625 0.11950000000000001 0.0255625 0.036078125
0 0.778328125 0.227296875 0.027796875 0.047234375
0 0.046484375 0.292234375 0.03021875 0.052031249999999994
0 0.21081249999999999 0.122015625 0.029640624999999997 0.041375
0 0.73975 0.09515625 0.02109375 0.042171875
0 0.46509375000000003 0.396 0.02590625 0.06396874999999999
0 0.111453125 0.128546875 0.026000000000000002 0.043515625
0 0.716796875 0.1381875 0.021156249999999998 0.0388125
0 0.293703125 0.11920312500000001 0.028546875 0.041234375000000004
0 0.44896874999999997 0.04715625 0.0225 0.033078125
0 0.190921875 0.612796875 0.038171875 0.0754375
0 0.64990625 0.46778125 0.027171875 0.065859375
0 0.3779375 0.286859375 0.02759375 0.049859375
0 0.508796875 0.281984375 0.027375 0.05890625000000001
0 0.20165625 0.46264062499999997 0.03259375 0.06671875000000001
0 0.42798437500000003 0.46606249999999994 0.02784375 0.06021875
0 0.522953125 0.399421875 0.027109375 0.05878124999999999
0 0.469234375 0.042015625 0.01953125 0.039796874999999995
0 0.31153125 0.287359375 0.028437499999999998 0.05696875
0 0.72265625 0.622078125 0.03259375 0.085078125
0 0.23107812499999997 0.46068749999999997 0.032046875 0.062921875
0 0.559578125 0.283203125 0.026703125 0.04959375
0 0.30615625 0.019984375 0.0196875 0.030859375
0 0.640625 0.034875 0.020515625000000003 0.032468750000000005
0 0.15723437499999998 0.622078125 0.042015625 0.073546875
0 0.11737500000000001 0.294921875 0.0350625 0.043125000000000004
0 0.399421875 0.0483125 0.023859375 0.032890625
0 0.8779375 0.630859375 0.04025 0.08478125
0 0.65528125 0.61084375 0.03125 0.08990625
0 0.43603125 0.11296874999999999 0.024515625 0.042812499999999996
0 0.2109375 0.297359375 0.03390625 0.048125
0 0.018515625 0.46167187500000006 0.03703125 0.06476562500000001
0 0.8051718749999999 0.632328125 0.034546875 0.094
0 0.41235937500000003 0.61475 0.030859375 0.0834375
0 0.355953125 0.053500000000000006 0.024656249999999998 0.032171875
0 0.55225 0.4609375 0.025328125 0.06476562500000001
0 0.46068749999999997 0.238765625 0.024656249999999998 0.049859375
0 0.7055625 0.02409375 0.020140625000000002 0.0406875
0 0.1486875 0.46557812500000006 0.043609375 0.06096875
0 0.9399374999999999 0.41309375 0.03746875 0.0626875
0 0.315921875 0.05059375000000001 0.024515625 0.032171875
0 0.334234375 0.626953125 0.03521875 0.07146875
0 0.918953125 0.8032187499999999 0.076109375 0.05865625
0 0.042078125 0.465328125 0.03753125 0.053890625000000004
0 0.507328125 0.10265625 0.0231875 0.042328125
0 0.5913125 0.23145312499999998 0.025796875000000004 0.04921875
0 0.22864062500000001 0.239015625 0.030953124999999998 0.04959375
0 0.146734375 0.065375 0.028546875 0.03403125
0 0.024890625 0.723140625 0.048859375 0.090578125
0 0.160640625 0.033484375 0.02975 0.029921874999999997
0 0.044765624999999996 0.255125 0.03390625 0.0454375
0 0.14709375 0.12115625000000001 0.02640625 0.051453125
0 0.12390625 0.45824999999999994 0.039953125 0.0675625
0 0.379890625 0.11737500000000001 0.023109374999999998 0.0364375
0 0.35034375 0.240234375 0.031203124999999998 0.057703125
0 0.069953125 0.293953125 0.034875 0.051765625
0 0.48290625 0.2815 0.026265624999999997 0.05728124999999999
0 0.36571875 0.016718749999999998 0.022421875 0.03253125
0 0.065125 0.460453125 0.046484375 0.065609375
0 0.23975 0.058140625 0.025671875 0.032234374999999996
0 0.48559374999999994 0.230953125 0.022109375 0.04690625
0 0.323484375 0.018265625 0.018296875 0.034999999999999996
0 0.45482812499999997 0.015953125000000002 0.01934375 0.030953124999999998
0 0.230953125 0.023734375 0.02096875 0.035953125
0 0.43432812500000006 0.01615625 0.0229375 0.031609375
0 0.0678125 0.24707812499999998 0.033328125 0.046203125
0 0.9047812499999999 0.73584375 0.06982812499999999 0.056125
0 0.935546875 0.573734375 0.06359375 0.073671875
0 0.37084375 0.154171875 0.024390625 0.042390625
0 0.556640625 0.0115 0.020499999999999997 0.022890625
0 0.24817187500000001 0.022671875 0.025328125 0.035890624999999995
0 0.09253125 0.03775 0.034875 0.027109375
0 0.9331093750000001 0.8725625000000001 0.07195312499999999 0.05632812499999999
0 0.06609374999999999 0.08496875000000001 0.0416875 0.045015625
0 0.3435 0.016718749999999998 0.024515625 0.03259375
0 0.194953125 0.0315 0.028328125 0.031140624999999998
0 0.019203124999999998 0.15918749999999998 0.035484375 0.024281249999999997
0 0.620609375 0.009015625 0.019640625000000002 0.017906250000000002
0 0.542 0.9506875000000001 0.029921874999999997 0.091734375
0 0.016718749999999998 0.17809375 0.03265625 0.03528125
0 0.009375 0.21228125000000003 0.018734375 0.034546875
0 0.63965625 0.00871875 0.019609375000000002 0.016921875
0 0.11200000000000002 0.0115 0.044437500000000005 0.022671875
0 0.837890625 0.22326562499999997 0.0199375 0.03403125
0 0.9091875 0.286140625 0.020765625 0.024140625
0 0.02446875 0.0390625 0.0260625 0.028765625
0 0.792484375 0.00603125 0.0196875 0.011546875