0 0.48901562500000006 0.463375 0.03028125 0.0676875
0 0.3674375 0.45873437499999997 0.0315625 0.0674375
0 0.473140625 0.6225625 0.030859375 0.078796875
0 0.51953125 0.45946875 0.029703125000000004 0.0705625
0 0.551265625 0.45873437499999997 0.027796875 0.069390625
0 0.4038125 0.617671875 0.03234375 0.082390625
0 0.42943749999999997 0.46362500000000006 0.03353125 0.074890625
0 0.371828125 0.615234375 0.034421875000000005 0.078921875
0 0.61571875 0.458984375 0.027015624999999998 0.06903125
0 0.46118750000000003 0.46068749999999997 0.028015625 0.065375
0 0.281984375 0.3986875 0.034234375 0.065609375
0 0.40234375 0.289796875 0.027687499999999997 0.0570625
0 0.747078125 0.46240625 0.03228125 0.073859375
0 0.613765625 0.62353125 0.030328125 0.0779375
0 0.46728125 0.399421875 0.032234374999999996 0.060640625000000004
0 0.354 0.39696875 0.034296875 0.065
0 0.12054687500000001 0.614265625 0.043125000000000004 0.078484375
0 0.40064062500000003 0.4609375 0.03284375 0.0731875
0 0.093203125 0.292484375 0.03621875 0.050046875000000005
0 0.375 0.290046875 0.027375 0.055109375
0 0.23620312499999999 0.466796875 0.037203125 0.060515624999999997
0 0.312015625 0.2890625 0.028703125000000003 0.053093749999999995
0 0.369625 0.156375 0.02590625 0.042328125
0 0.78271875 0.463375 0.03359375 0.07409375
0 0.40990624999999997 0.3986875 0.034609375 0.057796875000000004
0 0.589359375 0.27978125 0.0263125 0.054203125
0 0.06621875 0.292484375 0.034609375 0.049859375
0 0.438484375 0.6225625 0.032718750000000005 0.08446875000000001
0 0.578609375 0.624515625 0.027796875 0.07684375
0 0.125125 0.460453125 0.038328125000000005 0.06231250000000001
0 0.294921875 0.4585 0.037203125 0.0674375
0 0.732421875 0.274421875 0.0263125 0.06009375
0 0.42943749999999997 0.2836875 0.02790625 0.05603125
0 0.189328125 0.619140625 0.036828125 0.073671875
0 0.765140625 0.63134375 0.03384375 0.08154687499999999
0 0.33959375 0.46020312499999994 0.03265625 0.068296875
0 0.254640625 0.620609375 0.0406875 0.0755625
0 0.40478125 0.152828125 0.026203125 0.0454375
0 0.340578125 0.28540625 0.0305 0.053890625000000004
0 0.76025 0.27490625 0.02590625 0.058015625
0 0.3359375 0.620125 0.03528125 0.076109375
0 0.542484375 0.625984375 0.029421874999999997 0.07934375
0 0.15003125 0.6171875 0.040828125 0.077390625
0 0.1095 0.16271875 0.029593750000000002 0.041625
0 0.14075 0.2888125 0.03353125 0.05450000000000001
0 0.689453125 0.62890625 0.029703125000000004 0.0856875
0 0.30053125 0.621578125 0.03753125 0.0754375
0 0.0468125 0.46215624999999994 0.043125000000000004 0.066953125
0 0.505859375 0.622078125 0.030671874999999998 0.0856875
0 0.618171875 0.39965625 0.02865625 0.055203125
0 0.61865625 0.2788125 0.024140625 0.058562499999999997
0 0.045015625 0.2944375 0.033265625 0.049312499999999995
0 0.80078125 0.63184375 0.037265625000000004 0.0888125
0 0.2058125 0.46264062499999997 0.038703125 0.07079687500000001
0 0.380125 0.397703125 0.030156250000000002 0.06153125
0 0.525875 0.401375 0.03259375 0.05645312500000001
0 0.17725 0.4609375 0.039421875 0.06867187500000001
0 0.192265625 0.15746875 0.027171875 0.04321875
0 0.309328125 0.40454687500000003 0.034359375 0.058984375
0 0.22168749999999998 0.619625 0.03896875 0.07520312500000001
0 0.65234375 0.624515625 0.028171875000000002 0.086484375
0 0.5859375 0.395015625 0.027953125000000002 0.061984375
0 0.237796875 0.156125 0.029484375 0.042015625
0 0.257328125 0.052515624999999996 0.02190625 0.0364375
0 0.262453125 0.46410937499999994 0.035953125 0.05878124999999999
0 0.0365 0.609859375 0.042578125 0.071234375
0 0.172 0.158078125 0.024656249999999998 0.042234375000000005
0 0.348140625 0.23828125 0.027328124999999998 0.042875
0 0.250734375 0.39965625 0.034359375 0.0678125
0 0.09771875 0.46215624999999994 0.040765625 0.0614375
0 0.21423437500000003 0.15734375 0.026359375 0.041234375000000004
0 0.72509375 0.62646875 0.031140624999999998 0.093015625
0 0.322265625 0.238640625 0.027734375 0.047609374999999995
0 0.42725 0.04559375 0.020015625000000002 0.037046875
0 0.701171875 0.27709375 0.0241875 0.054906250000000004
0 0.25928125 0.7295 0.04690625 0.09875
0 0.19640625 0.05878124999999999 0.0298125 0.03875
0 0.1328125 0.16114062499999998 0.0305625 0.0416875
0 0.547859375 0.140875 0.025046875000000003 0.04525
0 0.0678125 0.609859375 0.044671875 0.086296875
0 0.52734375 0.108578125 0.0245625 0.041328125
0 0.8207968749999999 0.278078125 0.029640624999999997 0.059750000000000004
0 0.018578125 0.45873437499999997 0.036828125 0.0678125
0 0.11164062500000001 0.24903124999999998 0.0314375 0.04146875
0 0.590828125 0.228265625 0.025171875 0.053796875
0 0.02096875 0.2944375 0.03353125 0.050812500000000003
0 0.44896874999999997 0.043453124999999995 0.021625 0.03671875
0 0.394046875 0.047796875 0.022375 0.03521875
0 0.711921875 0.461421875 0.030046875 0.072515625
0 0.8774374999999999 0.6381875 0.041625 0.08228125
0 0.533203125 0.035734375 0.022203125 0.04009375
0 0.1325625 0.24634375 0.0305 0.040921875
0 0.14684375 0.062109375 0.026921875 0.0416875
0 0.21192187499999998 0.923828125 0.0456875 0.09996875
0 0.8539999999999999 0.46728125 0.03628125 0.0674375
0 0.301265625 0.727046875 0.038453125 0.07709375
0 0.1954375 0.404296875 0.036625000000000005 0.055937499999999994
0 0.789546875 0.274171875 0.026968750000000003 0.059109375
0 0.178828125 0.244875 0.02784375 0.04009375
0 0.67090625 0.22570312499999998 0.0268125 0.054593749999999996
0 0.38575 0.2370625 0.029031249999999998 0.047796875
0 0.380375 0.117796875 0.0238125 0.038171875
0 0.5961875 0.03278125 0.02096875 0.040984375
0 0.8178750000000001 0.46314062500000003 0.035890624999999995 0.065734375
0 0.5078125 0.731453125 0.033390625 0.091859375
0 0.333984375 0.119015625 0.024 0.0364375
0 0.177859375 0.7295 0.04803125 0.08465625
0 0.41185937499999997 0.11737500000000001 0.025328125 0.0365625
0 0.581546875 0.45728125000000003 0.0268125 0.069515625
0 0.146 0.400390625 0.037328125000000004 0.0624375
0 0.297359375 0.04803125 0.022984375 0.035734375
0 0.836921875 0.633796875 0.03934375 0.091859375
0 0.061765625000000005 0.40528125 0.0364375 0.047875
0 0.43676562499999994 0.11395312500000002 0.027015624999999998 0.03753125
0 0.67871875 0.458984375 0.029375000000000002 0.069953125
0 0.3356875 0.047703125 0.021859375 0.036984375
0 0.090875 0.2476875 0.0315 0.03934375
0 0.091734375 0.166015625 0.0260625 0.041140625
0 0.49926562499999994 0.954109375 0.036828125 0.083859375
0 0.35571875 0.117796875 0.024234375 0.03634375
0 0.44678125 0.9526406250000001 0.03409375 0.0856875
0 0.481453125 0.1095 0.025046875000000003 0.040625
0 0.650390625 0.45923437500000003 0.028484375 0.069515625
0 0.066828125 0.25121875 0.03284375 0.04025
0 0.640625 0.029640624999999997 0.020374999999999997 0.040921875
0 0.276609375 0.05109375000000001 0.02190625 0.034187499999999996
0 0.158203125 0.242546875 0.02790625 0.040765625
0 0.67821875 0.39478125 0.031859375 0.065125
0 0.03384375 0.40625 0.03540625 0.046296875
0 0.3154375 0.05184375 0.021281249999999998 0.03265625
0 0.14709375 0.12609375 0.029249999999999998 0.036078125
0 0.049312499999999995 0.11046875 0.038109375 0.0304375
0 0.21081249999999999 0.118171875 0.02409375 0.036984375
0 0.251703125 0.934578125 0.043609375 0.09484375
0 0.228265625 0.120234375 0.026000000000000002 0.034828125
0 0.375734375 0.0485 0.019984375 0.035484375
0 0.092046875 0.404296875 0.04009375 0.054109375
0 0.042328125 0.2529375 0.0315625 0.040375
0 0.293953125 0.11754687500000001 0.026000000000000002 0.034609375
0 0.287359375 0.019234375 0.023375 0.03378125
0 0.399421875 0.9526406250000001 0.040531250000000005 0.083859375
0 0.03021875 0.722171875 0.048765625 0.09234375
0 0.306640625 0.0189375 0.025046875000000003 0.029921874999999997
0 0.47681250000000003 0.01378125 0.023140625 0.0275625
0 0.27075 0.119015625 0.023953125 0.035546875
0 0.16515625 0.9375 0.04803125 0.084046875
0 0.24634375 0.11962500000000001 0.027218750000000003 0.03365625
0 0.48168749999999994 0.290046875 0.0288125 0.044765624999999996
0 0.193109375 0.029640624999999997 0.03234375 0.033140625
0 0.232171875 0.02346875 0.022078125 0.03796875
0 0.5415 0.9545937500000001 0.0315625 0.085078125
0 0.44018750000000006 0.013296875 0.0235625 0.02659375
0 0.11754687500000001 0.9311562500000001 0.044187500000000005 0.096375
0 0.9243124999999999 0.338140625 0.03125 0.049046875000000004
0 0.187984375 0.123046875 0.024390625 0.03803125
0 0.703609375 0.02665625 0.02071875 0.040531250000000005
0 0.168703125 0.12365625 0.024140625 0.03753125
0 0.065859375 0.0883125 0.038328125000000005 0.031921875
0 0.515625 0.012234375 0.019984375 0.024390625
0 0.40259375000000003 0.01815625 0.023859375 0.033203125
0 0.11181250000000001 0.130609375 0.034187499999999996 0.0314375
0 0.701171875 0.958984375 0.03125 0.078375
0 0.013015625 0.611328125 0.02603125 0.0701875
0 0.176390625 0.0305625 0.02590625 0.034359375
0 0.9389687500000001 0.401859375 0.034546875 0.05500000000000001
0 0.017906250000000002 0.157109375 0.034999999999999996 0.0304375
0 0.020374999999999997 0.040765625 0.030625000000000003 0.031796875
0 0.794921875 0.022328124999999997 0.02153125 0.042078125
0 0.594734375 0.10393749999999999 0.02153125 0.0376875
0 0.2524375 0.02475 0.02253125 0.032046875
0 0.362796875 0.0174375 0.022203125 0.031609375
0 0.383796875 0.0195 0.0235625 0.034999999999999996
0 0.745125 0.9438437499999999 0.038171875 0.1065
0 0.72803125 0.724609375 0.03409375 0.088015625
0 0.554203125 0.010953125 0.021046875 0.021484375
0 0.5341875 0.0115 0.019984375 0.0225
0 0.25025 0.24096875 0.030859375 0.042078125
0 0.954109375 0.46362500000000006 0.03396875 0.0571875
0 0.970703125 0.54053125 0.038906249999999996 0.05865625
0 0.07860937500000001 0.06118749999999999 0.034546875 0.0288125
0 0.183109375 0.05440625 0.0238125 0.041375
0 0.009421875 0.71778125 0.01884375 0.0856875
0 0.154296875 0.0305625 0.023234374999999998 0.033078125
0 0.201171875 0.241828125 0.030625000000000003 0.04409375
0 0.9018593750000001 0.73584375 0.0678125 0.059546875
0 0.9223593749999999 0.857421875 0.065859375 0.059750000000000004
0 0.72559375 0.006390625 0.020890625 0.012625
0 0.09771875 0.029203125000000003 0.033328125 0.031203124999999998
0 0.110109375 0.009890625 0.025171875 0.019015625
0 0.9145468749999999 0.793453125 0.073296875 0.0626875
0 0.9609375 0.9545937500000001 0.061890625 0.07965625
0 0.007875 0.040828125 0.015125 0.029249999999999998
0 0.006796874999999999 0.21496875000000001 0.01328125 0.027218750000000003
0 0.9106406249999999 0.29540625 0.030921874999999998 0.04178125