0 0.61475 0.3981875 0.028437499999999998 0.06221875
0 0.41040625000000003 0.40356249999999994 0.03240625 0.062921875
0 0.664546875 0.094359375 0.020765625 0.04525
0 0.778328125 0.22765624999999998 0.027437499999999997 0.048671874999999996
0 0.184078125 0.23351562499999998 0.028015625 0.0483125
0 0.01925 0.4086875 0.038515625 0.05571875
0 0.032468750000000005 0.612796875 0.047421875 0.069515625
0 0.09875 0.61621875 0.041234375000000004 0.07134375
0 0.046203125 0.292 0.028765625 0.052125
0 0.337640625 0.11932812500000001 0.026546874999999998 0.03671875
0 0.524421875 0.40014062499999997 0.029593750000000002 0.058437499999999996
0 0.703125 0.275640625 0.025046875000000003 0.0533125
0 0.716796875 0.138546875 0.020796875 0.039421875
0 0.292484375 0.11859375000000001 0.02859375 0.042390625
0 0.739265625 0.095890625 0.021406249999999998 0.044921875
0 0.651859375 0.466796875 0.030671874999999998 0.06634375
0 0.21106250000000001 0.12250000000000001 0.030046875 0.043765625
0 0.75 0.46753125000000006 0.0305625 0.073859375
0 0.560546875 0.281734375 0.028171875000000002 0.05071875
0 0.805671875 0.630859375 0.037265625000000004 0.094171875
0 0.80859375 0.223390625 0.026703125 0.055296875
0 0.31275 0.286625 0.028703125000000003 0.05965625
0 0.203859375 0.46215624999999994 0.038109375 0.069640625
0 0.8774374999999999 0.632328125 0.038453125 0.08446875000000001
0 0.11200000000000002 0.12890625 0.025625 0.046625
0 0.1275625 0.619140625 0.041234375000000004 0.074890625
0 0.555171875 0.45946875 0.028015625 0.065859375
0 0.337890625 0.625484375 0.041234375000000004 0.07709375
0 0.43481249999999994 0.11181250000000001 0.022671875 0.04328125
0 0.378421875 0.288578125 0.02790625 0.05225
0 0.46704687500000003 0.39696875 0.028765625 0.064875
0 0.37084375 0.46215624999999994 0.034234375 0.065125
0 0.148921875 0.465828125 0.04409375 0.06371875
0 0.640625 0.034875 0.020374999999999997 0.033265625
0 0.448734375 0.0468125 0.02178125 0.03353125
0 0.306640625 0.02009375 0.0195625 0.0313125
0 0.9077187500000001 0.745609375 0.068296875 0.055609375
0 0.42871875 0.46778125 0.03284375 0.06359375
0 0.35278125 0.40014062499999997 0.03678125 0.056546874999999996
0 0.50684375 0.10284374999999998 0.022468750000000003 0.043609375
0 0.590828125 0.23181250000000003 0.024515625 0.05059375000000001
0 0.21106250000000001 0.296625 0.034828125 0.048125
0 0.47339062500000006 0.62109375 0.038390625 0.08251562500000001
0 0.23340624999999998 0.45923437500000003 0.03803125 0.065375
0 0.01884375 0.46240625 0.037671875 0.064875
0 0.19421875 0.61475 0.047 0.07825
0 0.657234375 0.61084375 0.036625000000000005 0.088984375
0 0.46900000000000003 0.040828125 0.019859375000000002 0.040921875
0 0.1171875 0.2941875 0.03521875 0.042812499999999996
0 0.12335937500000001 0.4585 0.0376875 0.068546875
0 0.49121875 0.041078125 0.021046875 0.039640625
0 0.17334375 0.40503125000000006 0.04025 0.053593749999999996
0 0.50634375 0.28246875 0.025421875 0.064265625
0 0.2268125 0.40209374999999997 0.0403125 0.055109375
0 0.9399374999999999 0.41185937499999997 0.035484375 0.06281250000000001
0 0.9184531249999999 0.801765625 0.077390625 0.060765625000000004
0 0.692875 0.138671875 0.022890625 0.036078125
0 0.39990625 0.048125 0.024421875000000003 0.033140625
0 0.255609375 0.6225625 0.045875 0.07684375
0 0.22864062500000001 0.237796875 0.030156250000000002 0.05014062500000001
0 0.7055625 0.023703125 0.020499999999999997 0.041328125
0 0.349859375 0.240234375 0.031734374999999995 0.056640625
0 0.380859375 0.11878124999999999 0.026703125 0.039281250000000004
0 0.04321875 0.46606249999999994 0.040375 0.058015625
0 0.028437499999999998 0.723640625 0.05242187499999999 0.091546875
0 0.463375 0.46264062499999997 0.0305625 0.0701875
0 0.013453125 0.610359375 0.026921875 0.0624375
0 0.338875 0.728515625 0.037203125 0.093875
0 0.069390625 0.292484375 0.03534375 0.05603125
0 0.43775000000000003 0.23546874999999998 0.0270625 0.056546874999999996
0 0.09253125 0.16784375 0.034937499999999996 0.041328125
0 0.48340625 0.28125 0.026500000000000003 0.05696875
0 0.31615625 0.051546875000000006 0.025421875 0.033265625
0 0.45996875 0.237546875 0.0245625 0.050421875000000005
0 0.0704375 0.24584375 0.033390625 0.044
0 0.371578125 0.152703125 0.025671875 0.043859375
0 0.3669375 0.01678125 0.021625 0.03278125
0 0.21618750000000003 0.16040625 0.026859375 0.03528125
0 0.149171875 0.12140625000000001 0.02790625 0.052125
0 0.14709375 0.065 0.028437499999999998 0.033140625
0 0.356203125 0.053890625000000004 0.023375 0.033484375
0 0.4868125 0.232171875 0.021359375 0.048578125
0 0.29590625 0.46167187500000006 0.043359375 0.06525
0 0.1743125 0.160890625 0.0315 0.034609375
0 0.24010937499999999 0.160515625 0.030156250000000002 0.03540625
0 0.16003125 0.033328125 0.027015624999999998 0.029312500000000002
0 0.43384375000000003 0.01628125 0.021406249999999998 0.031984374999999995
0 0.32396875 0.019234375 0.018984375 0.034609375
0 0.9321249999999999 0.872078125 0.07520312500000001 0.06009375
0 0.45532812500000003 0.015953125000000002 0.021124999999999998 0.03125
0 0.0558125 0.10320312499999999 0.040828125 0.0388125
0 0.258796875 0.05371875 0.024656249999999998 0.034484375
0 0.557125 0.011640625 0.02025 0.023109374999999998
0 0.092828125 0.03753125 0.034296875 0.0263125
0 0.19434374999999998 0.0315625 0.026109375 0.032953125
0 0.008421874999999999 0.214359375 0.016843749999999998 0.03021875
0 0.23229687499999999 0.024234375 0.023109374999999998 0.0378125
0 0.021281249999999998 0.158078125 0.040015625 0.029546875
0 0.620609375 0.009484375 0.018546874999999997 0.0189375
0 0.541015625 0.9516562499999999 0.031734374999999995 0.09234375
0 0.344 0.016921875 0.02225 0.033140625
0 0.013171875 0.18896875 0.025671875 0.034937499999999996
0 0.640625 0.008953125000000001 0.020921875 0.01771875
0 0.069640625 0.07453125000000001 0.038906249999999996 0.0298125
0 0.24817187500000001 0.02253125 0.02484375 0.03775
0 0.22082812500000001 0.05834375000000001 0.024234375 0.031796875
0 0.10595312500000001 0.01178125 0.028765625 0.022578124999999998
0 0.21276562499999999 0.0280625 0.023078124999999998 0.033078125
0 0.770515625 0.00578125 0.01771875 0.01103125
0 0.024421875000000003 0.04025 0.021859375 0.028968749999999998
0 0.8364218749999999 0.222171875 0.017374999999999998 0.03403125