0 0.8520468749999999 0.45996875 0.031984374999999995 0.07421875
0 0.8178750000000001 0.45971875000000006 0.030046875 0.072625
0 0.728515625 0.727546875 0.03515625 0.090765625
0 0.72803125 0.62646875 0.032468750000000005 0.080078125
0 0.25415625 0.622078125 0.038234375 0.07653125
0 0.47973437499999994 0.1095 0.022078125 0.04409375
0 0.30321875 0.15503125 0.024390625 0.036890624999999996
0 0.370359375 0.62109375 0.035671875 0.08251562500000001
0 0.066828125 0.40454687500000003 0.03615625 0.055203125
0 0.8803750000000001 0.632328125 0.0390625 0.081671875
0 0.19775 0.40209374999999997 0.0350625 0.065609375
0 0.23254687500000001 0.46484375 0.036890624999999996 0.06221875
0 0.16540625 0.9370156250000001 0.046296875 0.08209375
0 0.778328125 0.735359375 0.0406875 0.085875
0 0.10931249999999999 0.163703125 0.028437499999999998 0.04178125
0 0.770515625 0.633296875 0.033390625 0.083625
0 0.189328125 0.12359374999999999 0.025046875000000003 0.039859375
0 0.525390625 0.106328125 0.021328125 0.043703124999999995
0 0.67821875 0.4585 0.02784375 0.059421875
0 0.757328125 0.2731875 0.02284375 0.056640625
0 0.301515625 0.72559375 0.036984375 0.07585937499999999
0 0.672359375 0.275640625 0.0225 0.0558125
0 0.56153125 0.2788125 0.0219375 0.053796875
0 0.146734375 0.126703125 0.02475 0.035953125
0 0.65234375 0.62403125 0.028171875000000002 0.083734375
0 0.8081093750000001 0.633796875 0.03534375 0.0888125
0 0.35840625 0.117796875 0.026453125 0.038546875
0 0.49243750000000003 0.038703125 0.020640625000000003 0.036078125
0 0.691890625 0.626953125 0.03253125 0.0861875
0 0.8452187500000001 0.633796875 0.039484375 0.090765625
0 0.10265625 0.729 0.04821875 0.085265625
0 0.78759375 0.2734375 0.025671875 0.05965625
0 0.7841875 0.46167187500000006 0.030671874999999998 0.071046875
0 0.53271875 0.2836875 0.02475 0.0495
0 0.571296875 0.10687500000000001 0.0199375 0.039796874999999995
0 0.302 0.620125 0.037265625000000004 0.076296875
0 0.666015625 0.138921875 0.0225 0.048578125
0 0.6435625 0.45873437499999997 0.027015624999999998 0.069953125
0 0.43432812500000006 0.6225625 0.034187499999999996 0.08178125
0 0.40454687500000003 0.62403125 0.033015625 0.07653125
0 0.286140625 0.2893125 0.029031249999999998 0.055203125
0 0.4296875 0.28515625 0.023953125 0.051546875000000006
0 0.142328125 0.40771875 0.038171875 0.051937500000000004
0 0.713375 0.45971875000000006 0.029203125000000003 0.07195312499999999
0 0.48120312500000006 0.286859375 0.026859375 0.056859375000000004
0 0.134515625 0.159796875 0.031609375 0.04428125
0 0.094359375 0.292484375 0.034484375 0.050812500000000003
0 0.027375 0.7216875 0.051453125 0.0910625
0 0.55225 0.037390625 0.020640625000000003 0.038703125
0 0.98046875 0.6171875 0.038609375 0.0753125
0 0.598640625 0.729984375 0.033390625 0.091734375
0 0.114984375 0.9311562500000001 0.039796874999999995 0.085390625
0 0.25365625 0.938484375 0.04146875 0.0886875
0 0.594234375 0.10393749999999999 0.018187500000000002 0.03671875
0 0.5444375 0.62353125 0.02784375 0.08196875
0 0.78515625 0.097046875 0.02175 0.034187499999999996
0 0.01728125 0.46264062499999997 0.0345625 0.064875
0 0.144046875 0.723140625 0.047515625 0.09125
0 0.332515625 0.053890625000000004 0.02153125 0.033078125
0 0.473640625 0.624515625 0.028968749999999998 0.077515625
0 0.089296875 0.16784375 0.027484375 0.0388125
0 0.525390625 0.401859375 0.026109375 0.0570625
0 0.74853125 0.462890625 0.0304375 0.074890625
0 0.0238125 0.297609375 0.0365 0.048953125
0 0.3361875 0.622078125 0.037593749999999995 0.080625
0 0.40259375000000003 0.287109375 0.0249375 0.0531875
0 0.702640625 0.2734375 0.021281249999999998 0.056765625
0 0.51075 0.6171875 0.026453125 0.08301562500000001
0 0.260984375 0.72803125 0.046296875 0.096859375
0 0.10723437499999999 0.132078125 0.028968749999999998 0.032171875
0 0.7085 0.3933125 0.028218749999999997 0.06646875
0 0.41137499999999994 0.1169375 0.023234374999999998 0.03628125
0 0.396234375 0.05071875 0.024281249999999997 0.03803125
0 0.22179687499999998 0.61865625 0.039125 0.0833125
0 0.377203125 0.286375 0.02828125 0.057374999999999995
0 0.551765625 0.45923437500000003 0.0245625 0.0675625
0 0.96875 0.52978125 0.039484375 0.07860937500000001
0 0.521 0.45873437499999997 0.025328125 0.0705625
0 0.58203125 0.46020312499999994 0.025171875 0.06384375
0 0.298578125 0.24109375000000002 0.028703125000000003 0.042171875
0 0.9243124999999999 0.338625 0.030109375 0.06659375
0 0.8081093750000001 0.22034375 0.027953125000000002 0.049312499999999995
0 0.40454687500000003 0.1534375 0.0235625 0.0454375
0 0.61571875 0.39428125 0.02328125 0.061312500000000006
0 0.156734375 0.617671875 0.037203125 0.075984375
0 0.151484375 0.46215624999999994 0.034187499999999996 0.056546874999999996
0 0.190546875 0.619140625 0.039796874999999995 0.07965625
0 0.096859375 0.39990625 0.039640625 0.060765625000000004
0 0.210578125 0.923828125 0.048578125 0.09790625
0 0.614265625 0.45728125000000003 0.024046875000000002 0.066828125
0 0.537109375 0.234734375 0.02434375 0.0468125
0 0.49243750000000003 0.397703125 0.025124999999999998 0.064875
0 0.035484375 0.614265625 0.042484375000000005 0.066828125
0 0.2395 0.15478125 0.028015625 0.04453125
0 0.06359375 0.6118125 0.043609375 0.0809375
0 0.5859375 0.3930625 0.024796875 0.064203125
0 0.61621875 0.620125 0.03265625 0.09929687499999999
0 0.04153125 0.40454687500000003 0.0391875 0.05090625
0 0.015453125000000002 0.602546875 0.030906250000000003 0.073671875
0 0.384515625 0.23840625000000001 0.02753125 0.043859375
0 0.44556250000000003 0.95215625 0.031796875 0.0861875
0 0.07134375 0.24378125 0.039703125 0.0468125
0 0.754390625 0.9487343750000001 0.034296875 0.09515625
0 0.295171875 0.46118750000000003 0.033203125 0.06804687499999999
0 0.29590625 0.049140625 0.02365625 0.038609375
0 0.818359375 0.2683125 0.030734375 0.067203125
0 0.35009375 0.237796875 0.029593750000000002 0.0468125
0 0.397953125 0.46314062500000003 0.0304375 0.069640625
0 0.900390625 0.732421875 0.06867187500000001 0.057499999999999996
0 0.18078125 0.058234375000000005 0.02475 0.038703125
0 0.45923437500000003 0.457515625 0.0288125 0.06915625
0 0.04178125 0.46020312499999994 0.041078125 0.06646875
0 0.251953125 0.11968749999999999 0.026921875 0.034703125
0 0.544921875 0.9545937500000001 0.0298125 0.086609375
0 0.17676562499999998 0.461921875 0.0376875 0.055203125
0 0.068421875 0.461921875 0.038109375 0.06409375
0 0.22570312499999998 0.405765625 0.034937499999999996 0.054906250000000004
0 0.33959375 0.286140625 0.031015625 0.05728124999999999
0 0.208625 0.125125 0.025750000000000002 0.032718750000000005
0 0.46167187500000006 0.39209375 0.0263125 0.066828125
0 0.919921875 0.833984375 0.07453125000000001 0.075015625
0 0.307859375 0.402828125 0.02859375 0.058015625
0 0.3513125 0.405765625 0.029421874999999997 0.0533125
0 0.09601562500000001 0.614265625 0.04303125 0.072625
0 0.1433125 0.065609375 0.02640625 0.031921875
0 0.338140625 0.460453125 0.031921875 0.0705625
0 0.36353125 0.017296875 0.019765625000000002 0.031375
0 0.20203125000000002 0.056640625 0.025515624999999997 0.03515625
0 0.430171875 0.461421875 0.028703125000000003 0.068421875
0 0.325203125 0.01890625 0.02215625 0.030953124999999998
0 0.263421875 0.46314062500000003 0.038703125 0.069953125
0 0.12598437499999998 0.6123125 0.042640625 0.0809375
0 0.23840625000000001 0.053890625000000004 0.024796875 0.03678125
0 0.380859375 0.39965625 0.027171875 0.057921875
0 0.701171875 0.95996875 0.030859375 0.076109375
0 0.091734375 0.465828125 0.038609375 0.061312500000000006
0 0.207390625 0.458984375 0.03775 0.06409375
0 0.2265625 0.12323437500000001 0.028765625 0.03278125
0 0.1221875 0.45946875 0.040765625 0.07195312499999999
0 0.405765625 0.01615625 0.021859375 0.031140624999999998
0 0.369140625 0.461921875 0.0313125 0.06982812499999999
0 0.25146875 0.40234375 0.031921875 0.053984374999999994
0 0.030109375 0.140875 0.036984375 0.03265625
0 0.5 0.9555624999999999 0.034937499999999996 0.083125
0 0.279046875 0.40307812500000006 0.03284375 0.055421874999999995
0 0.41015625 0.3879375 0.026265624999999997 0.065609375
0 0.43481249999999994 0.398921875 0.028328125 0.04921875
0 0.477546875 0.014093749999999999 0.02153125 0.028171875000000002
0 0.055109375 0.103765625 0.04559375 0.04025
0 0.010953125 0.067203125 0.021812500000000002 0.03228125
0 0.1565 0.034187499999999996 0.025750000000000002 0.031078125
0 0.91796875 0.78271875 0.07934375 0.05625
0 0.21301562500000001 0.027687499999999997 0.02434375 0.02975
0 0.43481249999999994 0.014499999999999999 0.021703125 0.028875
0 0.52734375 0.526859375 0.0531875 0.046718749999999996
0 0.955078125 0.9389687500000001 0.0678125 0.08154687499999999
0 0.24975 0.021281249999999998 0.020890625 0.033265625
0 0.0091875 0.19896875 0.017859375 0.036984375
0 0.09875 0.024796875 0.030671874999999998 0.02215625
0 0.04553125 0.25390625 0.03240625 0.041140625
0 0.306640625 0.016984375 0.019171874999999998 0.03259375
0 0.176515625 0.032718750000000005 0.02521875 0.03234375
0 0.70165625 0.007203125 0.019125 0.01428125
0 0.195796875 0.028171875000000002 0.019296874999999998 0.027265624999999998
0 0.270015625 0.02109375 0.025 0.030375000000000003