0 0.58496875 0.46118750000000003 0.026109375 0.063109375
0 0.40990624999999997 0.40404687499999997 0.029703125000000004 0.062921875
0 0.664546875 0.094359375 0.020640625000000003 0.046546875
0 0.61475 0.3986875 0.027265624999999998 0.063234375
0 0.5546875 0.3986875 0.024390625 0.06021875
0 0.778328125 0.228875 0.028546875 0.050421875000000005
0 0.46948437500000006 0.040984375 0.021359375 0.040531250000000005
0 0.676265625 0.39990625 0.028218749999999997 0.06118749999999999
0 0.30321875 0.154171875 0.025515624999999997 0.0456875
0 0.158078125 0.62109375 0.040921875 0.071046875
0 0.703125 0.276375 0.024421875000000003 0.05440625
0 0.162234375 0.2915 0.0304375 0.0533125
0 0.77246875 0.39209375 0.031140624999999998 0.066828125
0 0.743171875 0.3984375 0.029984375 0.06096875
0 0.6743125 0.27759375 0.02346875 0.053015625
0 0.716796875 0.13965624999999998 0.021578125 0.041375
0 0.182375 0.235109375 0.02446875 0.049859375
0 0.338375 0.11968749999999999 0.023859375 0.0365625
0 0.554203125 0.45923437500000003 0.026109375 0.068296875
0 0.70946875 0.400875 0.029312500000000002 0.06009375
0 0.37134375 0.151984375 0.023734375 0.04428125
0 0.524421875 0.39965625 0.026546874999999998 0.05440625
0 0.559578125 0.283453125 0.026921875 0.053015625
0 0.691890625 0.095515625 0.02034375 0.044437500000000005
0 0.3049375 0.62109375 0.038171875 0.075015625
0 0.8090781249999999 0.22546875000000002 0.0270625 0.058984375
0 0.762703125 0.09668750000000001 0.025046875000000003 0.0406875
0 0.04015625 0.125609375 0.041078125 0.029593750000000002
0 0.7944375 0.1378125 0.02590625 0.05225
0 0.805671875 0.6328125 0.036828125 0.09753125
0 0.640625 0.034609375 0.020453125 0.034828125
0 0.64453125 0.2785625 0.0249375 0.05632812499999999
0 0.739265625 0.09601562500000001 0.021625 0.044671875
0 0.5234375 0.45971875000000006 0.027218750000000003 0.073859375
0 0.94140625 0.41528124999999994 0.037265625000000004 0.065375
0 0.57665625 0.033140625 0.018687500000000003 0.04025
0 0.8779375 0.634765625 0.0388125 0.086296875
0 0.127078125 0.619625 0.04303125 0.0808125
0 0.336671875 0.6274375 0.037203125 0.07965625
0 0.692390625 0.1379375 0.021484375 0.039953125
0 0.590328125 0.23181250000000003 0.02390625 0.05242187499999999
0 0.461421875 0.461921875 0.0280625 0.073859375
0 0.399421875 0.047875 0.021703125 0.033140625
0 0.508796875 0.283203125 0.02615625 0.06096875
0 0.065609375 0.61571875 0.051453125 0.0731875
0 0.255125 0.619140625 0.03934375 0.078375
0 0.15003125 0.46704687500000003 0.040984375 0.0676875
0 0.04321875 0.407234375 0.039125 0.054593749999999996
0 0.42821875 0.46778125 0.029249999999999998 0.064265625
0 0.9262656249999999 0.35059375 0.028968749999999998 0.048125
0 0.29809375 0.461921875 0.033078125 0.068421875
0 0.48340625 0.282953125 0.025515624999999997 0.056125
0 0.0249375 0.29809375 0.038703125 0.051546875000000006
0 0.9760781250000001 0.556640625 0.045109375 0.0731875
0 0.49096875000000006 0.458015625 0.028171875000000002 0.0754375
0 0.46606249999999994 0.397703125 0.02865625 0.06396874999999999
0 0.017640625 0.6118125 0.034875 0.08478125
0 0.368171875 0.017546875 0.02178125 0.03509375
0 0.312984375 0.287109375 0.029078125 0.056765625
0 0.5444375 0.62646875 0.032234374999999996 0.07520312500000001
0 0.3413125 0.463875 0.03353125 0.07159375
0 0.28246875 0.40356249999999994 0.03240625 0.059421875
0 0.23376562500000003 0.45996875 0.034828125 0.06671875000000001
0 0.17175 0.407234375 0.037390625 0.05450000000000001
0 0.19396875 0.615234375 0.042812499999999996 0.076421875
0 0.37890625 0.288328125 0.02784375 0.05225
0 0.20471875 0.46167187500000006 0.034937499999999996 0.072875
0 0.67040625 0.22643749999999999 0.024796875 0.045875
0 0.35009375 0.402828125 0.034765625 0.057921875
0 0.434578125 0.01678125 0.020765625 0.033203125
0 0.705078125 0.023109374999999998 0.019984375 0.04296875
0 0.29321875 0.120359375 0.026109375 0.042390625
0 0.114984375 0.24340625 0.028937499999999998 0.05242187499999999
0 0.3335 0.34375 0.0365 0.060640625000000004
0 0.22521874999999997 0.40209374999999997 0.035484375 0.055296875
0 0.261234375 0.291265625 0.029140624999999996 0.052125
0 0.028328125 0.72559375 0.050046875000000005 0.097046875
0 0.41259375 0.241828125 0.02434375 0.042015625
0 0.85059375 0.462890625 0.03875 0.08978125
0 0.0936875 0.29296875 0.028937499999999998 0.050046875000000005
0 0.0700625 0.294921875 0.031984374999999995 0.05440625
0 0.28784375 0.0206875 0.019609375000000002 0.033390625
0 0.356203125 0.054296875 0.02215625 0.03396875
0 0.401375 0.156609375 0.029078125 0.05014062500000001
0 0.0700625 0.07653125 0.034421875000000005 0.028484375
0 0.3413125 0.7295 0.038328125000000005 0.096859375
0 0.117984375 0.2941875 0.031671875 0.044765624999999996
0 0.253421875 0.40528125 0.03384375 0.055421874999999995
0 0.11340625 0.128046875 0.02753125 0.04178125
0 0.187984375 0.290046875 0.028765625 0.0533125
0 0.21081249999999999 0.297859375 0.032234374999999996 0.049140625
0 0.462890625 0.23914062500000002 0.0245625 0.051671875
0 0.43920312499999997 0.23584375 0.025171875 0.05603125
0 0.229734375 0.1224375 0.029203125000000003 0.039546874999999995
0 0.296390625 0.051765625 0.0196875 0.034828125
0 0.31640625 0.04978125 0.02328125 0.034296875
0 0.48803124999999997 0.23303124999999997 0.023078124999999998 0.049953125
0 0.11376562500000001 0.166140625 0.029312500000000002 0.045875
0 0.30615625 0.020515625000000003 0.017984375 0.032109375
0 0.151984375 0.1615 0.026500000000000003 0.04271875
0 0.226078125 0.23840625000000001 0.0280625 0.04978125
0 0.093328125 0.037109375 0.03253125 0.026265624999999997
0 0.149296875 0.122125 0.027484375 0.052031249999999994
0 0.2160625 0.16015625 0.024890625 0.038109375
0 0.205078125 0.24340625 0.027109375 0.043609375
0 0.619625 0.009859375 0.017374999999999998 0.01971875
0 0.556640625 0.012046875 0.01871875 0.023953125
0 0.108578125 0.011796875 0.034765625 0.023609375
0 0.159421875 0.03253125 0.025515624999999997 0.030156250000000002
0 0.182859375 0.061312500000000006 0.022328124999999997 0.034421875000000005
0 0.01609375 0.177859375 0.031734374999999995 0.033203125
0 0.640140625 0.009296875 0.0196875 0.018437500000000002
0 0.258546875 0.053015625 0.023609375 0.03634375
0 0.34521875 0.01740625 0.022671875 0.034828125
0 0.9091875 0.290765625 0.022375 0.024515625
0 0.173578125 0.1615 0.030156250000000002 0.0376875
0 0.21301562500000001 0.02753125 0.022328124999999997 0.032234374999999996
0 0.771 0.006125 0.0171875 0.01196875
0 0.23181250000000003 0.023953125 0.023859375 0.037203125
0 0.2211875 0.0571875 0.0229375 0.03278125
0 0.327640625 0.018875 0.019984375 0.034187499999999996
0 0.203859375 0.059109375 0.02084375 0.031609375
0 0.239015625 0.16028125 0.028875 0.038609375
0 0.23559375 0.057499999999999996 0.0219375 0.032890625
0 0.915046875 0.80859375 0.073671875 0.06109375
0 0.9292031250000001 0.880859375 0.0809375 0.06621875
0 0.013734374999999998 0.005265625 0.02165625 0.0100625