0 0.8403281249999999 0.63428125 0.037390625 0.094484375
0 0.691890625 0.632328125 0.03409375 0.08478125
0 0.76171875 0.6328125 0.03634375 0.09534375
0 0.7265625 0.632328125 0.034359375 0.09253125
0 0.806640625 0.633296875 0.035953125 0.09740625
0 0.58446875 0.46118750000000003 0.0260625 0.065609375
0 0.61475 0.399421875 0.027687499999999997 0.06348437500000001
0 0.818359375 0.46728125 0.037390625 0.068546875
0 0.8779375 0.634765625 0.0388125 0.08757812499999999
0 0.555171875 0.3984375 0.024 0.058984375
0 0.67578125 0.3984375 0.027171875 0.061765625000000005
0 0.1588125 0.6225625 0.038703125 0.07275000000000001
0 0.64453125 0.401859375 0.02753125 0.057374999999999995
0 0.777828125 0.22778125 0.02640625 0.04840625
0 0.5234375 0.144890625 0.020499999999999997 0.043609375
0 0.664546875 0.091734375 0.023109374999999998 0.04321875
0 0.703609375 0.27709375 0.02446875 0.056125
0 0.751953125 0.224359375 0.0241875 0.04921875
0 0.7421875 0.394046875 0.028484375 0.054906250000000004
0 0.77246875 0.392328125 0.031671875 0.06804687499999999
0 0.749515625 0.460453125 0.034234375 0.0809375
0 0.726078125 0.229 0.0268125 0.045875
0 0.70996875 0.40209374999999997 0.029078125 0.0626875
0 0.583984375 0.40234375 0.025625 0.0531875
0 0.6748125 0.278078125 0.023328124999999998 0.05450000000000001
0 0.54590625 0.14684375 0.02271875 0.042234375000000005
0 0.619140625 0.63184375 0.031609375 0.08209375
0 0.657234375 0.62403125 0.030921874999999998 0.09234375
0 0.590328125 0.286859375 0.024234375 0.05371875
0 0.7163125 0.139890625 0.022078125 0.042640625
0 0.59521875 0.143921875 0.022203125 0.042812499999999996
0 0.790046875 0.2785625 0.0305 0.052828125000000004
0 0.3046875 0.6225625 0.036828125 0.07781249999999999
0 0.6430625 0.1381875 0.022468750000000003 0.048765625
0 0.766609375 0.13134375 0.025750000000000002 0.055203125
0 0.9765625 0.558109375 0.044671875 0.06890625
0 0.4086875 0.40160937499999994 0.029031249999999998 0.061984375
0 0.79540625 0.1381875 0.026109375 0.05184375
0 0.840828125 0.01871875 0.024140625 0.037109375
0 0.524421875 0.40209374999999997 0.0268125 0.055109375
0 0.09771875 0.619625 0.042390625 0.072078125
0 0.336921875 0.628421875 0.03678125 0.081671875
0 0.041140625 0.124875 0.042234375000000005 0.0313125
0 0.75928125 0.281734375 0.02759375 0.0533125
0 0.8090781249999999 0.2268125 0.027171875 0.0614375
0 0.9047812499999999 0.747078125 0.0679375 0.060765625000000004
0 0.555171875 0.45971875000000006 0.0270625 0.0700625
0 0.027375 0.724125 0.0483125 0.09740625
0 0.9409218750000001 0.415046875 0.03775 0.068296875
0 0.405765625 0.626953125 0.031796875 0.075984375
0 0.691890625 0.09740625 0.020890625 0.043515625
0 0.73975 0.095515625 0.02253125 0.04553125
0 0.64453125 0.279546875 0.023515625000000002 0.057499999999999996
0 0.8530312500000001 0.4711875 0.037328125000000004 0.07709375
0 0.036890624999999996 0.614265625 0.041375 0.07696875
0 0.544921875 0.6279375 0.0304375 0.077390625
0 0.523921875 0.45996875 0.02790625 0.07396875
0 0.840828125 0.397703125 0.031921875 0.059421875
0 0.341546875 0.73046875 0.036984375 0.09790625
0 0.40404687499999997 0.28784375 0.026265624999999997 0.0571875
0 0.508296875 0.629390625 0.032718750000000005 0.07409375
0 0.580078125 0.622078125 0.029249999999999998 0.08692187500000001
0 0.015671875 0.61328125 0.03134375 0.076296875
0 0.663578125 0.034234375 0.018984375 0.036078125
0 0.67090625 0.2265625 0.02521875 0.046484375
0 0.70459375 0.022671875 0.021578125 0.04459375
0 0.691890625 0.138921875 0.020421875 0.040828125
0 0.559078125 0.28246875 0.025796875000000004 0.051671875
0 0.089484375 0.168328125 0.026109375 0.043453124999999995
0 0.191765625 0.616703125 0.038906249999999996 0.07653125
0 0.772953125 0.021718750000000002 0.021453125 0.043421875
0 0.44214062500000006 0.624515625 0.030734375 0.08757812499999999
0 0.0679375 0.61621875 0.04303125 0.073546875
0 0.25 0.623046875 0.040765625 0.086609375
0 0.78809375 0.090875 0.0241875 0.046296875
0 0.590828125 0.23254687500000001 0.024390625 0.0533125
0 0.726078125 0.024421875000000003 0.01971875 0.040984375
0 0.92578125 0.3545 0.028546875 0.04559375
0 0.667 0.14075 0.021812500000000002 0.04553125
0 0.437984375 0.40503125000000006 0.027171875 0.055937499999999994
0 0.22021875 0.6225625 0.038546875 0.083125
0 0.46314062500000003 0.4609375 0.027640625000000002 0.07575
0 0.49193749999999997 0.458984375 0.028375 0.07781249999999999
0 0.5078125 0.281984375 0.026265624999999997 0.061640625000000004
0 0.47729687500000006 0.625984375 0.0315625 0.082828125
0 0.0171875 0.46167187500000006 0.033015625 0.0705625
0 0.42943749999999997 0.46849999999999997 0.029640624999999997 0.0674375
0 0.38184375 0.40528125 0.029078125 0.055203125
0 0.79590625 0.02475 0.022296875 0.036828125
0 0.17481249999999998 0.461921875 0.0350625 0.0704375
0 0.9155312500000001 0.8061562500000001 0.07781249999999999 0.0700625
0 0.4819375 0.108765625 0.021703125 0.046390625000000005
0 0.29809375 0.460453125 0.03240625 0.07171875
0 0.65528125 0.060515624999999997 0.026703125 0.031140624999999998
0 0.145625 0.46362500000000006 0.0350625 0.071046875
0 0.387453125 0.241828125 0.027375 0.04428125
0 0.33959375 0.464359375 0.033015625 0.072625
0 0.595703125 0.028109375 0.019984375 0.0485
0 0.57178125 0.09771875 0.021812500000000002 0.049140625
0 0.046015625 0.46314062500000003 0.04534375 0.07275000000000001
0 0.1951875 0.157953125 0.025421875 0.04271875
0 0.513671875 0.039125 0.019765625000000002 0.0388125
0 0.18225 0.23523437500000002 0.025671875 0.0495
0 0.37621875 0.289546875 0.027015624999999998 0.054296875
0 0.233890625 0.46240625 0.035484375 0.0703125
0 0.1379375 0.23914062500000002 0.028015625 0.05071875
0 0.399421875 0.465328125 0.030734375 0.06982812499999999
0 0.161625 0.291015625 0.031984374999999995 0.055421874999999995
0 0.76171875 0.093875 0.02328125 0.03521875
0 0.12157812500000001 0.46410937499999994 0.038109375 0.074890625
0 0.641109375 0.038390625 0.0190625 0.03390625
0 0.512703125 0.23596875 0.025124999999999998 0.04690625
0 0.55321875 0.038234375 0.019296874999999998 0.039421875
0 0.018796874999999998 0.2993125 0.031015625 0.050046875000000005
0 0.20398437500000002 0.46240625 0.03634375 0.072515625
0 0.01771875 0.40307812500000006 0.03515625 0.05292187499999999
0 0.46996874999999994 0.040921875 0.020015625000000002 0.04303125
0 0.35009375 0.40307812500000006 0.033015625 0.05996875
0 0.9311562500000001 0.8823281250000001 0.078484375 0.069515625
0 0.46704687500000003 0.396484375 0.027375 0.065375
0 0.40014062499999997 0.163203125 0.02865625 0.04328125
0 0.11840625 0.40625 0.03390625 0.05696875
0 0.3100625 0.40112500000000006 0.0298125 0.057921875
0 0.065 0.407234375 0.040828125 0.052515624999999996
0 0.3723125 0.46410937499999994 0.031609375 0.0700625
0 0.01621875 0.177 0.031984374999999995 0.033265625
0 0.48340625 0.28246875 0.0255625 0.058234375000000005
0 0.28515625 0.29271875 0.029546875 0.051359375
0 0.53125 0.036625000000000005 0.020015625000000002 0.040984375
0 0.43090624999999994 0.2888125 0.026203125 0.051171875
0 0.3725625 0.154046875 0.022296875 0.043453124999999995
0 0.435546875 0.117984375 0.02303125 0.03628125
0 0.281734375 0.40625 0.032953125 0.05865625
0 0.03934375 0.40503125000000006 0.036984375 0.051453125
0 0.550296875 0.33178125 0.05225 0.043859375
0 0.1121875 0.124203125 0.022328124999999997 0.037203125
0 0.143671875 0.402828125 0.03384375 0.050421875000000005
0 0.166015625 0.404296875 0.03634375 0.0505
0 0.340578125 0.29321875 0.030046875 0.056125
0 0.31371875 0.289796875 0.027953125000000002 0.05571875
0 0.223390625 0.40356249999999994 0.035546875 0.053015625
0 0.253421875 0.40503125000000006 0.034828125 0.055203125
0 0.11181250000000001 0.165890625 0.029031249999999998 0.044765624999999996
0 0.619625 0.01003125 0.018296875 0.0200625
0 0.11878124999999999 0.9311562500000001 0.05071875 0.08496875000000001
0 0.116328125 0.29540625 0.030109375 0.047703125
0 0.18603125 0.292484375 0.028765625 0.05234375
0 0.9106406249999999 0.2890625 0.02365625 0.029921874999999997
0 0.41332812499999994 0.110296875 0.02271875 0.04553125
0 0.259515625 0.290765625 0.028875 0.053593749999999996
0 0.2998125 0.23914062500000002 0.03028125 0.047328125
0 0.055609375 0.103390625 0.03403125 0.03125
0 0.348140625 0.23523437500000002 0.02790625 0.047796875
0 0.23303124999999997 0.293953125 0.032171875 0.053796875
0 0.7529375 0.008046875 0.01934375 0.016078125
0 0.197390625 0.404296875 0.03534375 0.05225
0 0.274421875 0.24096875 0.028937499999999998 0.045109375
0 0.517578125 0.012531249999999999 0.020640625000000003 0.024796875
0 0.682125 0.008671874999999999 0.020890625 0.017249999999999998
0 0.42846875000000006 0.048953125 0.021406249999999998 0.03615625
0 0.45728125000000003 0.286375 0.025796875000000004 0.053984374999999994
0 0.35009375 0.1538125 0.023609375 0.041140625
0 0.21007812499999998 0.2944375 0.030328125 0.05184375
0 0.087703125 0.04840625 0.034999999999999996 0.027015624999999998
0 0.556640625 0.011734375 0.018015625 0.02346875
0 0.0391875 0.256109375 0.029875000000000002 0.040984375
0 0.640625 0.0100625 0.018984375 0.019375
0 0.147703125 0.115359375 0.025374999999999998 0.039859375
0 0.043125000000000004 0.298578125 0.030859375 0.05340625
0 0.1589375 0.033484375 0.025625 0.028937499999999998
0 0.06804687499999999 0.083734375 0.03528125 0.034187499999999996
0 0.016984375 0.051937500000000004 0.03253125 0.0531875
0 0.5415 0.9457968749999999 0.0245625 0.083125
0 0.11181250000000001 0.011421875 0.045109375 0.021578125
0 0.3020625 0.15462499999999998 0.01990625 0.046406249999999996
0 0.26232812499999997 0.15617187500000002 0.025265625000000003 0.042328125
0 0.227984375 0.119484375 0.024671875 0.041828125
0 0.33610937500000004 0.1161875 0.0235 0.034046875
0 0.2704375 0.117390625 0.022375 0.03525
0 0.296234375 0.052531249999999995 0.022578124999999998 0.0345625
0 0.355109375 0.05292187499999999 0.021734375 0.033890625
0 0.1453125 0.066625 0.018234375 0.037671875
0 0.163109375 0.064203125 0.01665625 0.036484375
0 0.28707812499999996 0.017828125 0.019796875 0.034453125