0 0.809296875 0.39575 0.035703125 0.048890625
0 0.6953125 0.223875 0.023421875 0.048671874999999996
0 0.724609375 0.629390625 0.03365625 0.08178125
0 0.844734375 0.634765625 0.038906249999999996 0.086
0 0.68653125 0.09771875 0.023109374999999998 0.0403125
0 0.789546875 0.2734375 0.025265625000000003 0.058234375000000005
0 0.713875 0.095515625 0.020765625 0.039859375
0 0.739265625 0.46240625 0.031609375 0.07665625000000001
0 0.65234375 0.628421875 0.029375000000000002 0.085875
0 0.523921875 0.10687500000000001 0.022328124999999997 0.040625
0 0.796875 0.13671875 0.02271875 0.040984375
0 0.80078125 0.0571875 0.02059375 0.035953125
0 0.68653125 0.628421875 0.031375 0.08740624999999999
0 0.2998125 0.728515625 0.038109375 0.079046875
0 0.81640625 0.019265625 0.026000000000000002 0.03803125
0 0.544921875 0.625484375 0.029375000000000002 0.07575
0 0.332765625 0.11840625 0.0280625 0.04146875
0 0.535640625 0.28271875 0.0249375 0.053796875
0 0.18590625 0.618171875 0.041328125 0.073421875
0 0.255609375 0.620609375 0.040921875 0.07520312500000001
0 0.033078125 0.6123125 0.04434375 0.07171875
0 0.301265625 0.620609375 0.037265625000000004 0.076296875
0 0.128421875 0.615234375 0.040015625 0.071234375
0 0.671875 0.27734375 0.0235625 0.056859375000000004
0 0.82715625 0.7368125 0.041375 0.10015624999999999
0 0.139890625 0.7211875 0.044921875 0.09503125
0 0.277828125 0.396484375 0.03125 0.062109375
0 0.5961875 0.729984375 0.03259375 0.094171875
0 0.708015625 0.0241875 0.01871875 0.040625
0 0.166375 0.40234375 0.03621875 0.053984374999999994
0 0.348875 0.4038125 0.03234375 0.05500000000000001
0 0.37890625 0.39721875 0.027734375 0.063109375
0 0.40746874999999994 0.3981875 0.028765625 0.06915625
0 0.481453125 0.280765625 0.023078124999999998 0.057703125
0 0.335203125 0.621578125 0.036890624999999996 0.07421875
0 0.451171875 0.146484375 0.023140625 0.048953125
0 0.67040625 0.22521874999999997 0.024234375 0.053984374999999994
0 0.025953125 0.2944375 0.03634375 0.05371875
0 0.617671875 0.278078125 0.021984375 0.05571875
0 0.677734375 0.395265625 0.025718750000000002 0.05728124999999999
0 0.43090624999999994 0.46020312499999994 0.02790625 0.0731875
0 0.5180625 0.4585 0.029031249999999998 0.074890625
0 0.369875 0.624515625 0.0350625 0.07709375
0 0.56103125 0.281984375 0.022578124999999998 0.051265625
0 0.51075 0.733890625 0.0298125 0.094359375
0 0.042578125 0.251953125 0.034609375 0.040765625
0 0.354984375 0.04578125 0.022578124999999998 0.042328125
0 0.307625 0.40599999999999997 0.03278125 0.054296875
0 0.7529375 0.22765624999999998 0.024796875 0.046625
0 0.064203125 0.611328125 0.043515625 0.08251562500000001
0 0.5805625 0.45996875 0.0268125 0.072625
0 0.1171875 0.40064062500000003 0.039703125 0.060421875
0 0.8832968749999999 0.634765625 0.04303125 0.08106250000000001
0 0.175296875 0.46215624999999994 0.038390625 0.071234375
0 0.8178750000000001 0.275140625 0.0280625 0.061765625000000005
0 0.13671875 0.293703125 0.039281250000000004 0.0546875
0 0.78125 0.46362500000000006 0.0305 0.074640625
0 0.18775 0.40404687499999997 0.0419375 0.053984374999999994
0 0.494625 0.149296875 0.021406249999999998 0.043859375
0 0.25025 0.40112500000000006 0.035828125 0.054296875
0 0.618171875 0.09740625 0.0195625 0.041140625
0 0.40160937499999994 0.28759375 0.026921875 0.060765625000000004
0 0.0701875 0.293453125 0.036078125 0.059421875
0 0.22425 0.620609375 0.038609375 0.07585937499999999
0 0.531734375 0.0314375 0.021203125 0.0468125
0 0.325921875 0.01690625 0.02225 0.033796875
0 0.579109375 0.62353125 0.028937499999999998 0.0755625
0 0.645015625 0.397703125 0.02590625 0.055421874999999995
0 0.814453125 0.4585 0.032468750000000005 0.076296875
0 0.538578125 0.235109375 0.023328124999999998 0.045015625
0 0.47290625000000003 0.14465625 0.0219375 0.04921875
0 0.761234375 0.275390625 0.02328125 0.0558125
0 0.588875 0.28125 0.021703125 0.051546875000000006
0 0.46459374999999997 0.3984375 0.0270625 0.058234375000000005
0 0.70996875 0.397703125 0.028171875000000002 0.07421875
0 0.4560625 0.283453125 0.022796875 0.0558125
0 0.02446875 0.724125 0.047328125 0.095703125
0 0.259765625 0.7295 0.043359375 0.099796875
0 0.5546875 0.397953125 0.027796875 0.05965625
0 0.0388125 0.40503125000000006 0.037328125000000004 0.049140625
0 0.250484375 0.9428750000000001 0.045953125 0.0834375
0 0.6430625 0.276859375 0.021234375 0.057796875000000004
0 0.40503125000000006 0.62109375 0.03365625 0.080078125
0 0.37109375 0.148796875 0.024281249999999997 0.045875
0 0.091546875 0.614265625 0.04409375 0.072265625
0 0.411625 0.116328125 0.02409375 0.042484375000000005
0 0.1483125 0.46068749999999997 0.03790625 0.070671875
0 0.095515625 0.45946875 0.039859375 0.070671875
0 0.174921875 0.72559375 0.04009375 0.098453125
0 0.32178125 0.23840625000000001 0.030625000000000003 0.047875
0 0.486328125 0.23546874999999998 0.02590625 0.043859375
0 0.4716875 0.62353125 0.030625000000000003 0.07946875
0 0.525390625 0.391359375 0.02640625 0.06371875
0 0.50684375 0.62353125 0.031078125 0.081359375
0 0.615234375 0.458984375 0.025374999999999998 0.06982812499999999
0 0.495609375 0.395015625 0.026968750000000003 0.06396874999999999
0 0.76953125 0.137578125 0.02253125 0.047093750000000004
0 0.06085937500000001 0.724125 0.04940625 0.098265625
0 0.2683125 0.0200625 0.024140625 0.03284375
0 0.73290625 0.27490625 0.023703125 0.058015625
0 0.296625 0.23914062500000002 0.029031249999999998 0.04321875
0 0.262703125 0.46240625 0.03634375 0.074640625
0 0.29175 0.466796875 0.03678125 0.072390625
0 0.759765625 0.09484375 0.02365625 0.037203125
0 0.38134375 0.013765625 0.0205625 0.02753125
0 0.1199375 0.9272500000000001 0.046546875 0.08692187500000001
0 0.44457812499999994 0.953125 0.032468750000000005 0.0885
0 0.727546875 0.023234374999999998 0.018609375 0.04015625
0 0.199953125 0.24010937499999999 0.030921874999999998 0.042578125
0 0.42943749999999997 0.28515625 0.0235625 0.05645312500000001
0 0.542 0.954109375 0.032718750000000005 0.0856875
0 0.090265625 0.402828125 0.038546875 0.0546875
0 0.286140625 0.0196875 0.02365625 0.031921875
0 0.744625 0.134890625 0.022421875 0.048578125
0 0.22400000000000003 0.870125 0.034875 0.11920312500000001
0 0.0315625 0.14075 0.03628125 0.0315
0 0.370125 0.45873437499999997 0.03540625 0.07946875
0 0.157109375 0.24474999999999997 0.030671874999999998 0.046546875
0 0.469734375 0.03775 0.021203125 0.04303125
0 0.491703125 0.03634375 0.020421875 0.043515625
0 0.17676562499999998 0.029078125 0.02665625 0.029875000000000002
0 0.24865624999999997 0.23914062500000002 0.029703125000000004 0.044187500000000005
0 0.43871874999999994 0.620609375 0.03234375 0.081359375
0 0.729 0.727546875 0.0365 0.093203125
0 0.575203125 0.031671875 0.018265625 0.04025
0 0.680171875 0.45629687499999994 0.025 0.069390625
0 0.01621875 0.40528125 0.032171875 0.04840625
0 0.699703125 0.9614218749999999 0.032953125 0.0753125
0 0.064203125 0.40209374999999997 0.038390625 0.052515624999999996
0 0.286375 0.286375 0.03021875 0.05696875
0 0.33959375 0.46118750000000003 0.03371875 0.0705625
0 0.47925000000000006 0.11200000000000002 0.02009375 0.03628125
0 0.470703125 0.742671875 0.031375 0.086484375
0 0.04025 0.4609375 0.040765625 0.07134375
0 0.618171875 0.1379375 0.019421874999999998 0.0468125
0 0.272703125 0.24010937499999999 0.029078125 0.043125000000000004
0 0.23424999999999999 0.4609375 0.0391875 0.06804687499999999
0 0.6640625 0.02784375 0.0205625 0.039703125
0 0.70165625 0.275875 0.022765625 0.05645312500000001
0 0.664546875 0.094 0.02409375 0.052703124999999997
0 0.648921875 0.45434374999999994 0.025859375 0.0754375
0 0.23303124999999997 0.291265625 0.03234375 0.061765625000000005
0 0.017937500000000002 0.458984375 0.035890624999999995 0.06671875000000001
0 0.16528125 0.9360312499999999 0.041625 0.08251562500000001
0 0.26075 0.290046875 0.031859375 0.05728124999999999
0 0.7998125 0.6279375 0.0388125 0.102296875
0 0.3356875 0.286859375 0.024 0.055937499999999994
0 0.37646875 0.0456875 0.020453125 0.0406875
0 0.548828125 0.45678124999999997 0.024656249999999998 0.06621875
0 0.188234375 0.29028125 0.035734375 0.061890625
0 0.780765625 0.7373125 0.043515625 0.094671875
0 0.06928125 0.4585 0.04015625 0.0730625
0 0.270515625 0.11456249999999998 0.0249375 0.03284375
0 0.45971875000000006 0.46167187500000006 0.02790625 0.0701875
0 0.899421875 0.732421875 0.07079687500000001 0.05696875
0 0.167234375 0.12067187500000001 0.02859375 0.039703125
0 0.04184375 0.11376562500000001 0.041625 0.039125
0 0.179078125 0.24365625 0.03021875 0.043125000000000004
0 0.22985937500000003 0.1171875 0.0235625 0.03515625
0 0.8510781250000001 0.46778125 0.034296875 0.06609374999999999
0 0.638671875 0.008875 0.01890625 0.017578125
0 0.223015625 0.242546875 0.030375000000000003 0.041625
0 0.301765625 0.15075 0.02390625 0.0454375
0 0.9223593749999999 0.8520468749999999 0.07453125000000001 0.067328125
0 0.61621875 0.0085625 0.017640625 0.017140625
0 0.681640625 0.0079375 0.018046875 0.015890625
0 0.215578125 0.151 0.025468750000000002 0.04821875
0 0.22949999999999998 0.02434375 0.024890625 0.0304375
0 0.48975 0.45946875 0.0270625 0.0705625
0 0.49365625 0.01146875 0.020171875 0.022671875
0 0.15723437499999998 0.02859375 0.022765625 0.025265625000000003
0 0.24975 0.11517187499999999 0.021484375 0.036078125
0 0.21935937499999997 0.053015625 0.023375 0.04178125
0 0.5341875 0.01125 0.018875 0.02225
0 0.42725 0.039703125 0.020765625 0.042328125
0 0.747078125 0.007671875 0.020453125 0.015078125000000001
0 0.2368125 0.050328125 0.019796875 0.0378125
0 0.64990625 0.9526406250000001 0.0376875 0.090875
0 0.2915 0.11596875 0.025718750000000002 0.03240625
0 0.182984375 0.057703125 0.024390625 0.038234375
0 0.14684375 0.12365625 0.0249375 0.03628125
0 0.15332812499999998 0.1589375 0.029703125000000004 0.04559375
0 0.10778125000000001 0.12865625 0.02759375 0.031375
0 0.10778125000000001 0.010562499999999999 0.035609375 0.020015625000000002
0 0.43359375 0.014687500000000001 0.019640625000000002 0.029390624999999997
0 0.09534375 0.034765625 0.0314375 0.027640625000000002
0 0.237546875 0.151609375 0.025953125 0.046546875
0 0.49634375000000003 0.9560625 0.03671875 0.08496875000000001
0 0.146609375 0.06029687500000001 0.025 0.0403125
0 0.08978125 0.164671875 0.030109375 0.045203125
0 0.0098125 0.066828125 0.019125 0.030734375
0 0.259765625 0.150875 0.0260625 0.047609374999999995
0 0.47339062500000006 0.0129375 0.02025 0.025875
0 0.28003125 0.15125 0.025421875 0.047609374999999995
0 0.298828125 0.04978125 0.02059375 0.030734375
0 0.06671875000000001 0.17028125 0.027265624999999998 0.038390625
0 0.11065624999999998 0.162109375 0.0260625 0.043515625
0 0.163703125 0.059203125 0.021124999999999998 0.03753125
0 0.575203125 0.0090625 0.017249999999999998 0.017640625
0 0.06867187500000001 0.076421875 0.034828125 0.029078125
0 0.45482812499999997 0.014328125 0.0205625 0.0280625
0 0.12989062499999998 0.159296875 0.025796875000000004 0.045203125
0 0.009343750000000001 0.1925 0.018546874999999997 0.034359375
0 0.9184531249999999 0.794921875 0.08106250000000001 0.059750000000000004
0 0.014000000000000002 0.176515625 0.023515625000000002 0.03125
0 0.009484375 0.70996875 0.0189375 0.07275000000000001
0 0.08196875 0.049859375 0.031203124999999998 0.0304375
0 0.85546875 0.20203125000000002 0.028218749999999997 0.046109375
0 0.9962500000000001 0.663578125 0.0075 0.04534375
0 0.8618124999999999 0.118171875 0.014671875000000001 0.02590625
0 0.849609375 0.1900625 0.015609375 0.025078125
0 0.8862343750000001 0.198359375 0.0205625 0.03540625