0 0.6785 0.398734375 0.030625000000000003 0.068296875
0 0.671390625 0.22559374999999998 0.025625 0.055296875
0 0.525875 0.392328125 0.028375 0.066953125
0 0.648921875 0.625984375 0.029031249999999998 0.077390625
0 0.75 0.46068749999999997 0.029593750000000002 0.07195312499999999
0 0.497078125 0.390140625 0.02753125 0.066828125
0 0.745609375 0.13184374999999998 0.023734375 0.04959375
0 0.7685625 0.6328125 0.03371875 0.089296875
0 0.761234375 0.2731875 0.02521875 0.05759375
0 0.641109375 0.098265625 0.019984375 0.038453125
0 0.435546875 0.23278125 0.023703125 0.052609375
0 0.58740625 0.2785625 0.0235625 0.0531875
0 0.702640625 0.273921875 0.02365625 0.05440625
0 0.8545 0.460453125 0.03390625 0.074765625
0 0.8207968749999999 0.276609375 0.030921874999999998 0.063234375
0 0.73340625 0.27465625 0.0245625 0.059875
0 0.616703125 0.460453125 0.026921875 0.071234375
0 0.543953125 0.621578125 0.027437499999999997 0.0856875
0 0.258296875 0.7319375 0.0456875 0.094359375
0 0.5810625 0.45946875 0.02590625 0.073546875
0 0.66015625 0.0219375 0.018296875 0.043453124999999995
0 0.250984375 0.39696875 0.033203125 0.05759375
0 0.5180625 0.45873437499999997 0.025124999999999998 0.06903125
0 0.7890625 0.085578125 0.019859375000000002 0.04453125
0 0.38428125 0.235109375 0.027015624999999998 0.04428125
0 0.3335 0.044671875 0.021203125 0.03796875
0 0.309328125 0.29053125 0.026453125 0.055515625
0 0.532234375 0.033078125 0.018375 0.03875
0 0.6904375 0.732421875 0.030859375 0.093203125
0 0.250734375 0.625 0.03896875 0.0730625
0 0.616703125 0.0936875 0.02153125 0.044921875
0 0.536140625 0.282234375 0.023375 0.05059375000000001
0 0.807625 0.633296875 0.032953125 0.08820312500000001
0 0.439453125 0.39990625 0.028218749999999997 0.053890625000000004
0 0.356453125 0.11296874999999999 0.0255625 0.03934375
0 0.21496875000000001 0.154546875 0.026500000000000003 0.0378125
0 0.300296875 0.620609375 0.03615625 0.074890625
0 0.260984375 0.28784375 0.03125 0.052609375
0 0.349859375 0.23840625000000001 0.030046875 0.045875
0 0.505375 0.279546875 0.025171875 0.057374999999999995
0 0.2580625 0.15075 0.026859375 0.045875
0 0.597171875 0.731453125 0.033140625 0.09271875
0 0.6875 0.6274375 0.032046875 0.087703125
0 0.774421875 0.01909375 0.018437500000000002 0.038171875
0 0.683109375 0.46849999999999997 0.02640625 0.063359375
0 0.445796875 0.9536093749999999 0.033328125 0.08692187500000001
0 0.09125 0.614265625 0.044859375 0.071234375
0 0.47192187499999994 0.62403125 0.030328125 0.0754375
0 0.8178750000000001 0.46118750000000003 0.03240625 0.06153125
0 0.372796875 0.291265625 0.027171875 0.047703125
0 0.434578125 0.62403125 0.029921874999999997 0.074640625
0 0.1954375 0.40454687500000003 0.037265625000000004 0.0548125
0 0.574703125 0.030109375 0.0196875 0.03746875
0 0.336421875 0.282953125 0.029203125000000003 0.0570625
0 0.45581250000000006 0.282953125 0.023953125 0.055515625
0 0.648921875 0.46215624999999994 0.030625000000000003 0.067078125
0 0.278328125 0.39696875 0.03265625 0.06281250000000001
0 0.550296875 0.46020312499999994 0.02521875 0.05759375
0 0.4038125 0.14478125 0.024890625 0.050328125
0 0.23145312499999998 0.46362500000000006 0.038906249999999996 0.06915625
0 0.578125 0.619625 0.027484375 0.082703125
0 0.185796875 0.618171875 0.0416875 0.073546875
0 0.24707812499999998 0.11517187499999999 0.026265624999999997 0.041140625
0 0.140875 0.72265625 0.04821875 0.09125
0 0.061890625 0.610359375 0.043765625 0.08106250000000001
0 0.612796875 0.625484375 0.02975 0.077515625
0 0.33446875 0.619625 0.036984375 0.072515625
0 0.7788125 0.73340625 0.04184375 0.083625
0 0.45776562500000006 0.46215624999999994 0.027437499999999997 0.06903125
0 0.166375 0.12084375 0.02446875 0.041140625
0 0.20885937499999999 0.287359375 0.029031249999999998 0.053015625
0 0.3825625 0.395265625 0.028218749999999997 0.060765625000000004
0 0.4868125 0.458984375 0.026109375 0.07195312499999999
0 0.037109375 0.40234375 0.040921875 0.050812500000000003
0 0.4296875 0.28246875 0.025671875 0.05340625
0 0.36596875 0.460453125 0.030046875 0.068546875
0 0.84278125 0.629890625 0.0376875 0.093875
0 0.298828125 0.733890625 0.0378125 0.077203125
0 0.2368125 0.288578125 0.027953125000000002 0.046625
0 0.349359375 0.403328125 0.03028125 0.05184375
0 0.500484375 0.9565468750000001 0.036984375 0.083859375
0 0.018187500000000002 0.292234375 0.03228125 0.04978125
0 0.380859375 0.114375 0.02153125 0.03796875
0 0.40356249999999994 0.62109375 0.032953125 0.078796875
0 0.167609375 0.401859375 0.035484375 0.05603125
0 0.4038125 0.287359375 0.02753125 0.04921875
0 0.11859375000000001 0.930671875 0.04153125 0.086796875
0 0.31153125 0.11737500000000001 0.021812500000000002 0.03540625
0 0.334234375 0.11456249999999998 0.0249375 0.041234375000000004
0 0.49096875000000006 0.037109375 0.018984375 0.037203125
0 0.24939062500000003 0.9457968749999999 0.042578125 0.0856875
0 0.292484375 0.46118750000000003 0.032953125 0.0701875
0 0.02784375 0.61571875 0.044187500000000005 0.07079687500000001
0 0.2605 0.463375 0.0365625 0.07134375
0 0.1066875 0.130375 0.029078125 0.03678125
0 0.0883125 0.24584375 0.03628125 0.04296875
0 0.307625 0.39965625 0.028703125000000003 0.06231250000000001
0 0.72559375 0.2263125 0.024 0.044765624999999996
0 0.147578125 0.45996875 0.038109375 0.06903125
0 0.41040625000000003 0.401859375 0.027218750000000003 0.05234375
0 0.043765625 0.24523437499999998 0.031859375 0.04296875
0 0.370125 0.62109375 0.034296875 0.0731875
0 0.33959375 0.4609375 0.032468750000000005 0.0678125
0 0.1848125 0.288578125 0.028375 0.051359375
0 0.42895312499999994 0.46068749999999997 0.027953125000000002 0.06915625
0 0.39965625 0.45728125000000003 0.0305625 0.0675625
0 0.543453125 0.9545937500000001 0.029640624999999997 0.0856875
0 0.122015625 0.61865625 0.040984375 0.072265625
0 0.161859375 0.288578125 0.029875000000000002 0.051171875
0 0.063359375 0.40503125000000006 0.036828125 0.050046875000000005
0 0.40454687500000003 0.012718750000000001 0.0195 0.025437500000000002
0 0.01628125 0.46068749999999997 0.032578125 0.06118749999999999
0 0.20178124999999997 0.461421875 0.036015625 0.06928125
0 0.3981875 0.042484375000000005 0.022375 0.038703125
0 0.114375 0.40528125 0.04015625 0.049859375
0 0.24865624999999997 0.01953125 0.019609375000000002 0.034999999999999996
0 0.747078125 0.9457968749999999 0.035953125 0.09929687499999999
0 0.4350625 0.11126562499999999 0.019453124999999998 0.03746875
0 0.045953125 0.29271875 0.033265625 0.051937500000000004
0 0.068171875 0.29296875 0.031796875 0.050234375
0 0.42603125000000003 0.04153125 0.019125 0.040375
0 0.095515625 0.45728125000000003 0.043609375 0.075984375
0 0.15723437499999998 0.027734375 0.021453125 0.03409375
0 0.3046875 0.01615625 0.02165625 0.030046875
0 0.038390625 0.465328125 0.040625 0.058562499999999997
0 0.729984375 0.729 0.03615625 0.094
0 0.11164062500000001 0.15990625 0.03353125 0.0485
0 0.50146875 0.10778125000000001 0.020796875 0.039640625
0 0.1850625 0.12273437499999999 0.024515625 0.034999999999999996
0 0.448734375 0.040921875 0.0196875 0.038171875
0 0.015328125000000001 0.40478125 0.030671874999999998 0.046546875
0 0.176640625 0.45996875 0.03671875 0.068171875
0 0.012484375 0.23937499999999998 0.024796875 0.0454375
0 0.546875 0.10595312500000001 0.01984375 0.039484375
0 0.224859375 0.12 0.027109375 0.034421875000000005
0 0.2529375 0.05242187499999999 0.020765625 0.040625
0 0.7006875 0.961921875 0.029375000000000002 0.075015625
0 0.064875 0.463875 0.039281250000000004 0.058562499999999997
0 0.4560625 0.110296875 0.0200625 0.037593749999999995
0 0.087890625 0.40478125 0.034875 0.04715625
0 0.27490625 0.047234375 0.0263125 0.03896875
0 0.0936875 0.29053125 0.031078125 0.04921875
0 0.21106250000000001 0.023421875 0.02203125 0.030046875
0 0.455078125 0.012625 0.018234375 0.025265625000000003
0 0.20789062500000002 0.12145312500000001 0.027015624999999998 0.034828125
0 0.49193749999999997 0.012671874999999999 0.016718749999999998 0.025
0 0.47826562499999997 0.10968750000000001 0.019203124999999998 0.03803125
0 0.555671875 0.009234375 0.01525 0.018437500000000002
0 0.135625 0.290046875 0.0280625 0.051000000000000004
0 0.90528125 0.735359375 0.073546875 0.059546875
0 0.2841875 0.01621875 0.0241875 0.030734375
0 0.534671875 0.0100625 0.01578125 0.01971875
0 0.114375 0.289796875 0.0305625 0.05234375
0 0.47485937500000003 0.0121875 0.019171874999999998 0.02365625
0 0.19934375 0.055609375 0.025374999999999998 0.0365625
0 0.01028125 0.711421875 0.0205625 0.072078125
0 0.01640625 0.16821875 0.03253125 0.044437500000000005
0 0.12346874999999999 0.128546875 0.0315625 0.03403125
0 0.14478125 0.061984375 0.020890625 0.029546875
0 0.19434374999999998 0.026546874999999998 0.021156249999999998 0.029031249999999998
0 0.16271875 0.053890625000000004 0.02303125 0.0391875
0 0.262703125 0.019984375 0.02071875 0.0315625
0 0.180546875 0.0531875 0.023765625000000002 0.04009375
0 0.009484375 0.061984375 0.018437500000000002 0.022328124999999997
0 0.9477499999999999 0.946296875 0.0679375 0.08740624999999999
0 0.91796875 0.79053125 0.083734375 0.0676875
0 0.104671875 0.010171875 0.029421874999999997 0.019375
0 0.930671875 0.8559531249999999 0.06153125 0.06109375