0 0.506875 0.6232656249999999 0.030953124999999998 0.07710937500000001
0 0.47387499999999994 0.6225625 0.030625000000000003 0.078375
0 0.33471875 0.619625 0.03678125 0.07146875
0 0.72509375 0.630375 0.03265625 0.07764062499999999
0 0.512203125 0.73340625 0.0305625 0.091375
0 0.61328125 0.62646875 0.028765625 0.073859375
0 0.26025 0.7295 0.04409375 0.0965625
0 0.70165625 0.276609375 0.022625 0.055109375
0 0.5546875 0.397703125 0.02790625 0.057796875000000004
0 0.589359375 0.278328125 0.0225 0.05234375
0 0.233890625 0.4609375 0.03775 0.066828125
0 0.140625 0.7211875 0.044187500000000005 0.092828125
0 0.456546875 0.2836875 0.022796875 0.054593749999999996
0 0.291265625 0.46509375000000003 0.0350625 0.07171875
0 0.562015625 0.283203125 0.021812500000000002 0.049312499999999995
0 0.40209374999999997 0.28809375 0.027265624999999998 0.058984375
0 0.061640625000000004 0.61328125 0.043125000000000004 0.07860937500000001
0 0.5180625 0.457515625 0.028484375 0.074640625
0 0.43871874999999994 0.620609375 0.03253125 0.08178125
0 0.648921875 0.45459375 0.025625 0.07520312500000001
0 0.789546875 0.275140625 0.0249375 0.05632812499999999
0 0.5966875 0.731453125 0.032718750000000005 0.091546875
0 0.40599999999999997 0.62109375 0.03359375 0.079890625
0 0.02975 0.724125 0.043953124999999996 0.094671875
0 0.261234375 0.29053125 0.030625000000000003 0.055296875
0 0.615234375 0.46020312499999994 0.024703125 0.06928125
0 0.370125 0.62403125 0.034703125 0.07709375
0 0.376703125 0.04459375 0.022109375 0.040531250000000005
0 0.665046875 0.10015624999999999 0.02303125 0.039953125
0 0.286625 0.287109375 0.030328125 0.054203125
0 0.579109375 0.623046875 0.029546875 0.0755625
0 0.76025 0.275140625 0.024 0.056125
0 0.255375 0.620609375 0.041140625 0.07453125000000001
0 0.22290625 0.620609375 0.038328125000000005 0.07453125000000001
0 0.82715625 0.736328125 0.0403125 0.09771875
0 0.814453125 0.458984375 0.031921875 0.076296875
0 0.677734375 0.396 0.025671875 0.05890625000000001
0 0.525875 0.391359375 0.026109375 0.066953125
0 0.08478125 0.404296875 0.038234375 0.053015625
0 0.49145312499999994 0.4609375 0.026968750000000003 0.071046875
0 0.297609375 0.239015625 0.029703125000000004 0.045015625
0 0.544921875 0.625484375 0.029312500000000002 0.0753125
0 0.4585 0.461421875 0.027375 0.069640625
0 0.6430625 0.276609375 0.022421875 0.05632812499999999
0 0.092046875 0.61475 0.044859375 0.072625
0 0.369875 0.458015625 0.03521875 0.078484375
0 0.42943749999999997 0.28490625 0.024281249999999997 0.05603125
0 0.73290625 0.275390625 0.02446875 0.05878124999999999
0 0.695796875 0.22546875000000002 0.024390625 0.049312499999999995
0 0.70996875 0.39721875 0.028328125 0.072515625
0 0.671390625 0.278078125 0.023953125 0.055609375
0 0.481453125 0.281 0.022796875 0.056859375000000004
0 0.250484375 0.40234375 0.035484375 0.055421874999999995
0 0.645015625 0.397703125 0.025859375 0.055609375
0 0.781734375 0.46314062500000003 0.030953124999999998 0.074890625
0 0.548828125 0.4560625 0.024609375 0.066828125
0 0.23132812500000002 0.11615625 0.021984375 0.03528125
0 0.17846875 0.24340625 0.029640624999999997 0.042578125
0 0.67090625 0.22509375 0.024890625 0.0531875
0 0.301515625 0.62109375 0.03790625 0.07585937499999999
0 0.535640625 0.28271875 0.025625 0.053984374999999994
0 0.262203125 0.46215624999999994 0.03621875 0.07409375
0 0.487796875 0.23523437500000002 0.025171875 0.043359375
0 0.349125 0.40454687500000003 0.032953125 0.055203125
0 0.47973437499999994 0.11200000000000002 0.020421875 0.0365625
0 0.37890625 0.397703125 0.02790625 0.063234375
0 0.727046875 0.022890625 0.019234375 0.040531250000000005
0 0.11737500000000001 0.40112500000000006 0.038171875 0.059203125
0 0.680171875 0.45629687499999994 0.025796875000000004 0.069953125
0 0.412109375 0.116328125 0.024656249999999998 0.042015625
0 0.618171875 0.0989375 0.019375 0.0454375
0 0.174078125 0.7265625 0.04009375 0.098265625
0 0.20325000000000001 0.23840625000000001 0.032468750000000005 0.047421875
0 0.538578125 0.23498437499999997 0.0235625 0.045109375
0 0.01728125 0.45996875 0.034578125 0.065609375
0 0.32178125 0.23815624999999999 0.031859375 0.047796875
0 0.745125 0.13440625 0.022328124999999997 0.0479375
0 0.532234375 0.034546875 0.021046875 0.040015625
0 0.49243750000000003 0.022421875 0.021812500000000002 0.043125000000000004
0 0.129265625 0.615234375 0.041140625 0.070671875
0 0.340328125 0.461421875 0.032718750000000005 0.06928125
0 0.184328125 0.620125 0.040015625 0.07079687500000001
0 0.015125 0.608890625 0.029703125000000004 0.07146875
0 0.770515625 0.1379375 0.023328124999999998 0.047796875
0 0.7529375 0.22803125 0.0249375 0.04715625
0 0.219484375 0.052609375 0.023375 0.039640625
0 0.27759375 0.397703125 0.031078125 0.063359375
0 0.24939062500000003 0.239875 0.032046875 0.047234375
0 0.40746874999999994 0.3986875 0.028546875 0.068171875
0 0.01634375 0.40551562499999994 0.032171875 0.04978125
0 0.301765625 0.150640625 0.0235625 0.045875
0 0.237796875 0.050812500000000003 0.021234375 0.03615625
0 0.13574999999999998 0.29321875 0.03753125 0.053984374999999994
0 0.21582812499999998 0.151484375 0.025078125 0.046015625
0 0.16895312499999998 0.40356249999999994 0.036625000000000005 0.055609375
0 0.280515625 0.15137499999999998 0.026359375 0.046203125
0 0.307859375 0.40599999999999997 0.03228125 0.053593749999999996
0 0.739265625 0.46240625 0.032171875 0.07653125
0 0.5805625 0.45996875 0.027265624999999998 0.07146875
0 0.45142187500000003 0.146125 0.023078124999999998 0.049312499999999995
0 0.46996874999999994 0.038109375 0.021234375 0.042015625
0 0.708015625 0.025078125 0.019171874999999998 0.039953125
0 0.167609375 0.1223125 0.028484375 0.04303125
0 0.267578125 0.020640625000000003 0.02271875 0.032171875
0 0.286375 0.01984375 0.023078124999999998 0.031734374999999995
0 0.20642187500000003 0.12140625000000001 0.023765625000000002 0.041234375000000004
0 0.33325 0.117796875 0.027796875 0.04146875
0 0.12878125 0.1278125 0.024656249999999998 0.040984375
0 0.03896875 0.40551562499999994 0.03678125 0.0505
0 0.17846875 0.460453125 0.038234375 0.07171875
0 0.68653125 0.630375 0.03240625 0.083734375
0 0.060640625000000004 0.724125 0.050328125 0.099671875
0 0.156984375 0.2445 0.030156250000000002 0.045953125
0 0.19665625 0.02034375 0.02271875 0.031375
0 0.291265625 0.11596875 0.02665625 0.03284375
0 0.22937500000000002 0.024390625 0.0260625 0.031140624999999998
0 0.04153125 0.461421875 0.042578125 0.0701875
0 0.473640625 0.012 0.02165625 0.024015625
0 0.713375 0.09601562500000001 0.02190625 0.040765625
0 0.8090781249999999 0.396 0.030921874999999998 0.05242187499999999
0 0.09668750000000001 0.45996875 0.039546874999999995 0.0705625
0 0.300046875 0.729 0.03896875 0.078921875
0 0.47339062500000006 0.144046875 0.02165625 0.047421875
0 0.025953125 0.2941875 0.03678125 0.053593749999999996
0 0.23303124999999997 0.29053125 0.031671875 0.060640625000000004
0 0.146734375 0.125609375 0.026359375 0.042640625
0 0.663578125 0.079046875 0.020171875 0.023859375
0 0.534671875 0.01125 0.01909375 0.02225
0 0.271234375 0.114203125 0.024281249999999997 0.03259375
0 0.043359375 0.251953125 0.034765625 0.04146875
0 0.1534375 0.158203125 0.029421874999999997 0.046625
0 0.325921875 0.016796875 0.02271875 0.033578125
0 0.26075 0.150390625 0.026546874999999998 0.04715625
0 0.78125 0.737796875 0.04271875 0.093328125
0 0.523921875 0.107421875 0.022468750000000003 0.040531250000000005
0 0.650390625 0.95215625 0.04046875 0.09234375
0 0.164671875 0.2890625 0.03378125 0.048859375
0 0.35521875 0.046015625 0.022375 0.042234375000000005
0 0.18334375 0.057499999999999996 0.023859375 0.038109375
0 0.49731249999999994 0.955078125 0.03775 0.08446875000000001
0 0.8515625 0.468265625 0.0350625 0.067078125
0 0.455078125 0.014624999999999999 0.019453124999999998 0.02784375
0 0.8969687499999999 0.7319375 0.0676875 0.05500000000000001
0 0.616703125 0.00853125 0.017109375 0.0170625
0 0.37084375 0.1483125 0.0238125 0.046484375
0 0.06928125 0.29321875 0.03634375 0.059203125
0 0.10778125000000001 0.132078125 0.027015624999999998 0.037593749999999995
0 0.250734375 0.11474999999999999 0.0200625 0.036828125
0 0.298828125 0.049046875000000004 0.02071875 0.03125
0 0.336421875 0.286859375 0.024390625 0.05625
0 0.38134375 0.013171875 0.020515625000000003 0.02634375
0 0.08990625 0.1640625 0.031671875 0.045109375
0 0.237921875 0.151 0.025625 0.046546875
0 0.44457812499999994 0.9526406250000001 0.033390625 0.089109375
0 0.06646875 0.17028125 0.0268125 0.037203125
0 0.542484375 0.9536093749999999 0.031015625 0.0861875
0 0.17676562499999998 0.029421874999999997 0.02640625 0.0304375
0 0.664546875 0.026859375 0.0196875 0.038546875
0 0.8828125 0.63575 0.045015625 0.081671875
0 0.009515625 0.7109375 0.018984375 0.072625
0 0.0675625 0.07781249999999999 0.03365625 0.027109375
0 0.681640625 0.00784375 0.018265625 0.015671875
0 0.4711875 0.7421875 0.031734374999999995 0.08709375
0 0.746578125 0.007578125 0.01984375 0.015140625
0 0.661140625 0.007171874999999999 0.019765625000000002 0.014109374999999999
0 0.81640625 0.019234375 0.025859375 0.038234375
0 0.0315 0.139890625 0.036625000000000005 0.031015625
0 0.161859375 0.059750000000000004 0.020421875 0.03621875
0 0.730609375 0.7296875 0.039125 0.10378125
0 0.164921875 0.93653125 0.043515625 0.084171875
0 0.701171875 0.9614218749999999 0.03540625 0.07520312500000001
0 0.145875 0.060765625000000004 0.022296875 0.0388125
0 0.081671875 0.0391875 0.027109375 0.03253125
0 0.15734375 0.030109375 0.02109375 0.02615625
0 0.638671875 0.008749999999999999 0.019421874999999998 0.017374999999999998
0 0.120234375 0.927734375 0.047093750000000004 0.0885
0 0.251703125 0.9453125 0.047609374999999995 0.08692187500000001
0 0.038906249999999996 0.12451562499999999 0.038703125 0.031140624999999998
0 0.09753125 0.034296875 0.027437499999999997 0.028703125000000003
0 0.008 0.19409375 0.015953125000000002 0.031796875
0 0.00975 0.064265625 0.018875 0.026500000000000003
0 0.10796874999999999 0.01040625 0.035828125 0.02009375
0 0.9409218750000001 0.79590625 0.036625000000000005 0.05059375000000001
0 0.876953125 0.60840625 0.028328125 0.030671874999999998
0 0.922859375 0.852546875 0.07396875 0.067203125
0 0.90234375 0.78515625 0.054203125 0.058234375000000005