0 0.664546875 0.094359375 0.021625 0.04453125
0 0.182734375 0.23376562500000003 0.026765624999999998 0.0468125
0 0.41040625000000003 0.40259375000000003 0.034703125 0.062109375
0 0.09996875 0.61571875 0.044437500000000005 0.06915625
0 0.030625000000000003 0.6123125 0.048765625 0.06804687499999999
0 0.777828125 0.22778125 0.027171875 0.047328125
0 0.337640625 0.11932812500000001 0.0255625 0.03621875
0 0.0201875 0.40893750000000006 0.040375 0.055609375
0 0.045015625 0.2941875 0.02865625 0.05071875
0 0.739265625 0.095703125 0.02109375 0.04409375
0 0.703609375 0.276125 0.02521875 0.05292187499999999
0 0.716796875 0.138421875 0.020796875 0.038453125
0 0.44896874999999997 0.04715625 0.022109375 0.033203125
0 0.649421875 0.46704687500000003 0.02784375 0.0674375
0 0.508796875 0.625 0.029312500000000002 0.08434375
0 0.234625 0.4609375 0.036828125 0.06384375
0 0.29321875 0.11950000000000001 0.02865625 0.041328125
0 0.31103125 0.286859375 0.028171875000000002 0.05759375
0 0.202765625 0.46362500000000006 0.0365 0.069390625
0 0.524421875 0.400390625 0.031140624999999998 0.057703125
0 0.11181250000000001 0.128421875 0.025421875 0.043703124999999995
0 0.2109375 0.1224375 0.02975 0.042812499999999996
0 0.723140625 0.6225625 0.03284375 0.08496875000000001
0 0.42798437500000003 0.46778125 0.02784375 0.062109375
0 0.3779375 0.28809375 0.02640625 0.052031249999999994
0 0.469234375 0.0416875 0.019765625000000002 0.039281250000000004
0 0.559578125 0.281984375 0.027796875 0.0495
0 0.74853125 0.46704687500000003 0.028875 0.072875
0 0.306390625 0.020015625000000002 0.019796875 0.0305
0 0.8779375 0.63134375 0.039484375 0.08446875000000001
0 0.465828125 0.397953125 0.028015625 0.06371875
0 0.472171875 0.619140625 0.031984374999999995 0.08154687499999999
0 0.640625 0.034609375 0.0205625 0.033265625
0 0.45873437499999997 0.464359375 0.028218749999999997 0.0675625
0 0.290765625 0.46410937499999994 0.03803125 0.069953125
0 0.41235937500000003 0.61475 0.031609375 0.083734375
0 0.353765625 0.40014062499999997 0.037046875 0.055421874999999995
0 0.705078125 0.023515625000000002 0.020296875 0.041140625
0 0.50684375 0.28271875 0.025750000000000002 0.06153125
0 0.39965625 0.04840625 0.024515625 0.033484375
0 0.8051718749999999 0.6328125 0.03515625 0.093328125
0 0.11737500000000001 0.295171875 0.0350625 0.043453124999999995
0 0.49121875 0.040531250000000005 0.020171875 0.039859375
0 0.43359375 0.11260937499999998 0.02021875 0.04321875
0 0.2109375 0.296875 0.034187499999999996 0.04715625
0 0.19275 0.612796875 0.03775 0.076421875
0 0.655765625 0.60840625 0.03365625 0.090765625
0 0.017906250000000002 0.46240625 0.035796875 0.064640625
0 0.50684375 0.10265625 0.022796875 0.04271875
0 0.590828125 0.23145312499999998 0.025374999999999998 0.04978125
0 0.315921875 0.050328125 0.024140625 0.032953125
0 0.0419375 0.46484375 0.038906249999999996 0.055515625
0 0.356203125 0.053500000000000006 0.024281249999999997 0.033328125
0 0.148921875 0.46314062500000003 0.042484375000000005 0.067078125
0 0.173953125 0.40503125000000006 0.04153125 0.0531875
0 0.55321875 0.4609375 0.027265624999999998 0.06659375
0 0.12335937500000001 0.45873437499999997 0.038109375 0.068421875
0 0.228875 0.237546875 0.03021875 0.04840625
0 0.918953125 0.80371875 0.076296875 0.06021875
0 0.35059375 0.239875 0.031796875 0.057374999999999995
0 0.437984375 0.23584375 0.028171875000000002 0.055203125
0 0.04434375 0.255859375 0.03390625 0.045875
0 0.939453125 0.41284375000000006 0.03534375 0.0626875
0 0.45971875000000006 0.2366875 0.023765625000000002 0.049953125
0 0.692875 0.138671875 0.02303125 0.035890624999999995
0 0.21582812499999998 0.159671875 0.026703125 0.03521875
0 0.33471875 0.62646875 0.03528125 0.072078125
0 0.146484375 0.065125 0.028328125 0.03371875
0 0.0288125 0.722171875 0.055109375 0.09221875
0 0.379640625 0.11932812500000001 0.0255625 0.038609375
0 0.48340625 0.281734375 0.026453125 0.05632812499999999
0 0.0705625 0.293453125 0.036015625 0.0531875
0 0.092046875 0.167609375 0.034765625 0.04015625
0 0.16028125 0.03359375 0.0288125 0.029031249999999998
0 0.23975 0.057796875000000004 0.025625 0.031984374999999995
0 0.148078125 0.12115625000000001 0.0270625 0.051546875000000006
0 0.068421875 0.24695312500000002 0.03284375 0.046203125
0 0.48657812500000003 0.23181250000000003 0.02253125 0.047421875
0 0.370609375 0.154296875 0.024281249999999997 0.042078125
0 0.1744375 0.16040625 0.031734374999999995 0.034187499999999996
0 0.3674375 0.01609375 0.021484375 0.031734374999999995
0 0.434078125 0.01615625 0.021859375 0.031671875
0 0.323484375 0.018187500000000002 0.018015625 0.034875
0 0.23071875 0.024 0.021156249999999998 0.03615625
0 0.9047812499999999 0.735359375 0.06867187500000001 0.0546875
0 0.24853125 0.02215625 0.02484375 0.03621875
0 0.45581250000000006 0.01578125 0.019640625000000002 0.030921874999999998
0 0.05450000000000001 0.104125 0.041625 0.03540625
0 0.017640625 0.18346875 0.0350625 0.047328125
0 0.556640625 0.011546875 0.020921875 0.0229375
0 0.1951875 0.031140624999999998 0.0288125 0.032109375
0 0.092828125 0.0376875 0.034609375 0.027375
0 0.0676875 0.0755625 0.039546874999999995 0.028875
0 0.9321249999999999 0.8715781249999999 0.07409375 0.058234375000000005
0 0.240234375 0.160515625 0.031078125 0.034296875
0 0.620125 0.009234375 0.019015625 0.018296875
0 0.022421875 0.156 0.0416875 0.0280625
0 0.34375 0.016468749999999997 0.0231875 0.032171875
0 0.009109375 0.21387499999999998 0.01821875 0.031921875
0 0.640625 0.008749999999999999 0.020640625000000003 0.017109375
0 0.541015625 0.950203125 0.029203125000000003 0.092046875
0 0.10521875 0.011921875 0.031609375 0.02284375
0 0.9096718750000001 0.28809375 0.02215625 0.021359375
0 0.836921875 0.223015625 0.017374999999999998 0.034609375