0 0.23546874999999998 0.46801562499999994 0.037390625 0.06109375
0 0.48853125000000003 0.463375 0.02784375 0.06804687499999999
0 0.365484375 0.45923437500000003 0.0313125 0.0678125
0 0.47265625 0.622078125 0.030046875 0.077515625
0 0.42943749999999997 0.463375 0.031921875 0.072875
0 0.614265625 0.623046875 0.03028125 0.07665625000000001
0 0.45996875 0.45996875 0.027437499999999997 0.06671875000000001
0 0.4663125 0.399171875 0.029640624999999997 0.06085937500000001
0 0.520515625 0.45776562500000006 0.028171875000000002 0.07079687500000001
0 0.61475 0.45971875000000006 0.026500000000000003 0.07171875
0 0.353265625 0.396484375 0.034609375 0.065609375
0 0.746578125 0.46167187500000006 0.0305 0.0731875
0 0.759765625 0.275140625 0.024703125 0.059546875
0 0.40356249999999994 0.6171875 0.032109375 0.08209375
0 0.73046875 0.2736875 0.024390625 0.062109375
0 0.147953125 0.45971875000000006 0.0378125 0.06396874999999999
0 0.41040625000000003 0.39965625 0.032234374999999996 0.0614375
0 0.2815 0.3981875 0.03359375 0.064640625
0 0.400390625 0.45946875 0.031921875 0.07195312499999999
0 0.092828125 0.29271875 0.035890624999999995 0.051671875
0 0.14075 0.289546875 0.03353125 0.055515625
0 0.12067187500000001 0.614265625 0.04434375 0.07665625000000001
0 0.095515625 0.461921875 0.04153125 0.06085937500000001
0 0.14990625 0.616703125 0.042484375000000005 0.07575
0 0.401859375 0.290046875 0.02753125 0.057703125
0 0.579109375 0.624515625 0.028703125000000003 0.074890625
0 0.551265625 0.458984375 0.026859375 0.068546875
0 0.06634375 0.292234375 0.034234375 0.051359375
0 0.12335937500000001 0.46020312499999994 0.037328125000000004 0.06221875
0 0.369390625 0.156375 0.02590625 0.043125000000000004
0 0.373046875 0.613765625 0.03228125 0.07575
0 0.045109375 0.293703125 0.03353125 0.05090625
0 0.54296875 0.6274375 0.029921874999999997 0.07665625000000001
0 0.782234375 0.461921875 0.031921875 0.073546875
0 0.616703125 0.39965625 0.026500000000000003 0.05500000000000001
0 0.48071875000000003 0.2888125 0.027265624999999998 0.04978125
0 0.40528125 0.152953125 0.02615625 0.0454375
0 0.312015625 0.2890625 0.029875000000000002 0.05450000000000001
0 0.10931249999999999 0.16259375 0.028171875000000002 0.041625
0 0.37525 0.29028125 0.027734375 0.05603125
0 0.04453125 0.46118750000000003 0.04025 0.065609375
0 0.24939062500000003 0.39965625 0.0350625 0.064203125
0 0.587890625 0.2788125 0.024796875 0.055109375
0 0.294671875 0.458015625 0.03534375 0.0675625
0 0.189328125 0.619140625 0.039953125 0.07396875
0 0.765625 0.629890625 0.034765625 0.08039062500000001
0 0.1900625 0.158328125 0.0241875 0.042875
0 0.42821875 0.283453125 0.026500000000000003 0.057499999999999996
0 0.380859375 0.399421875 0.030109375 0.061640625000000004
0 0.6904375 0.629390625 0.030921874999999998 0.083625
0 0.3098125 0.402828125 0.034703125 0.06029687500000001
0 0.339359375 0.45971875000000006 0.03234375 0.069390625
0 0.302 0.620609375 0.038171875 0.076109375
0 0.801765625 0.63134375 0.037203125 0.08820312500000001
0 0.187859375 0.2890625 0.031140624999999998 0.054203125
0 0.14942187499999998 0.161375 0.025953125 0.041328125
0 0.20690624999999999 0.45996875 0.0391875 0.071046875
0 0.034828125 0.61084375 0.043859375 0.07171875
0 0.335453125 0.620125 0.03621875 0.07575
0 0.58496875 0.39453125 0.026609375 0.064265625
0 0.437984375 0.621578125 0.033203125 0.08496875000000001
0 0.2631875 0.46459374999999997 0.035609375 0.057796875000000004
0 0.653328125 0.624515625 0.029703125000000004 0.084171875
0 0.255859375 0.621578125 0.0419375 0.074640625
0 0.215203125 0.156125 0.027437499999999997 0.042484375000000005
0 0.52490625 0.40234375 0.029875000000000002 0.055609375
0 0.1796875 0.45873437499999997 0.04046875 0.07079687500000001
0 0.35521875 0.047703125 0.021046875 0.038703125
0 0.72559375 0.626953125 0.03253125 0.0885
0 0.617671875 0.279546875 0.023421875 0.058984375
0 0.22021875 0.620125 0.03896875 0.07434375
0 0.547359375 0.141359375 0.022671875 0.046296875
0 0.339109375 0.286375 0.02790625 0.05234375
0 0.1795625 0.24340625 0.0304375 0.04271875
0 0.58203125 0.45873437499999997 0.0260625 0.069953125
0 0.090765625 0.247796875 0.03234375 0.041625
0 0.50634375 0.62109375 0.030625000000000003 0.0861875
0 0.526375 0.10796874999999999 0.022468750000000003 0.042171875
0 0.29540625 0.04690625 0.021046875 0.038109375
0 0.12989062499999998 0.24621875000000001 0.032234374999999996 0.04146875
0 0.323484375 0.24010937499999999 0.029203125000000003 0.04978125
0 0.06671875000000001 0.611328125 0.04578125 0.083734375
0 0.701171875 0.275640625 0.023234374999999998 0.057921875
0 0.021328125 0.29321875 0.03359375 0.05014062500000001
0 0.0700625 0.46410937499999994 0.040375 0.05996875
0 0.8203125 0.2785625 0.029593750000000002 0.06009375
0 0.06671875000000001 0.25121875 0.03359375 0.041625
0 0.42651562500000006 0.045015625 0.018984375 0.03753125
0 0.171875 0.157109375 0.024515625 0.042015625
0 0.67040625 0.2263125 0.025421875 0.056859375000000004
0 0.649421875 0.45923437500000003 0.026500000000000003 0.0700625
0 0.259515625 0.729 0.0456875 0.096859375
0 0.257328125 0.052031249999999994 0.021203125 0.037593749999999995
0 0.8784218750000001 0.63671875 0.042484375000000005 0.08178125
0 0.532234375 0.03515625 0.02059375 0.041375
0 0.8549843750000001 0.46728125 0.035828125 0.066828125
0 0.48754687499999994 0.23584375 0.028015625 0.04715625
0 0.63965625 0.029140624999999996 0.01934375 0.040921875
0 0.091734375 0.16504687499999998 0.02640625 0.042234375000000005
0 0.3359375 0.0468125 0.022468750000000003 0.0390625
0 0.333984375 0.11920312500000001 0.024 0.03678125
0 0.194828125 0.05759375 0.023234374999999998 0.039546874999999995
0 0.59521875 0.032046875 0.021328125 0.041140625
0 0.248046875 0.11981250000000002 0.026453125 0.03621875
0 0.276375 0.050328125 0.021203125 0.03634375
0 0.44848437499999994 0.04328125 0.02071875 0.03678125
0 0.018015625 0.46068749999999997 0.03603125 0.068296875
0 0.15990625 0.06109375 0.02225 0.03678125
0 0.8374062500000001 0.633296875 0.039546874999999995 0.08959375
0 0.43603125 0.114203125 0.027015624999999998 0.038109375
0 0.590328125 0.22937500000000002 0.025374999999999998 0.055421874999999995
0 0.35546875 0.11737500000000001 0.024281249999999997 0.03753125
0 0.39453125 0.046015625 0.021156249999999998 0.03875
0 0.301765625 0.7265625 0.0365625 0.076421875
0 0.445796875 0.9526406250000001 0.032109375 0.087890625
0 0.14478125 0.063234375 0.02390625 0.037203125
0 0.8178750000000001 0.46215624999999994 0.034484375 0.064390625
0 0.22815625 0.120125 0.026453125 0.03615625
0 0.711421875 0.46068749999999997 0.029640624999999997 0.07275000000000001
0 0.67725 0.396 0.029640624999999997 0.068421875
0 0.3151875 0.051359375 0.021015625 0.03353125
0 0.21007812499999998 0.120359375 0.02590625 0.03934375
0 0.043359375 0.25146875 0.033078125 0.040531250000000005
0 0.507328125 0.732421875 0.03234375 0.093015625
0 0.293703125 0.118171875 0.026000000000000002 0.034937499999999996
0 0.1589375 0.2424375 0.028484375 0.04178125
0 0.038171875 0.40551562499999994 0.043359375 0.0483125
0 0.211421875 0.9252968750000001 0.0485 0.104125
0 0.146359375 0.12646875 0.02828125 0.035609375
0 0.47925000000000006 0.10895312500000001 0.025625 0.041328125
0 0.17590625 0.729 0.0485 0.083125
0 0.41259375 0.1171875 0.025625 0.035609375
0 0.14465625 0.399171875 0.036078125 0.062109375
0 0.789546875 0.2736875 0.026765624999999998 0.060640625000000004
0 0.37525 0.046390625000000005 0.0195625 0.038906249999999996
0 0.4975625 0.955078125 0.034999999999999996 0.084171875
0 0.386234375 0.2370625 0.030328125 0.049046875000000004
0 0.21935937499999997 0.053015625 0.023375 0.03803125
0 0.399171875 0.95215625 0.038390625 0.086796875
0 0.226078125 0.396484375 0.034421875000000005 0.057499999999999996
0 0.16895312499999998 0.4038125 0.0365 0.055203125
0 0.380125 0.11737500000000001 0.023765625000000002 0.038328125000000005
0 0.25121875 0.9350625000000001 0.042875 0.094359375
0 0.049046875000000004 0.11046875 0.037109375 0.030156250000000002
0 0.30615625 0.017984375 0.022796875 0.029249999999999998
0 0.180046875 0.056546874999999996 0.02025 0.040625
0 0.703125 0.025374999999999998 0.019984375 0.0403125
0 0.253421875 0.023859375 0.0249375 0.03515625
0 0.27075 0.11878124999999999 0.023078124999999998 0.035609375
0 0.065484375 0.080078125 0.03540625 0.030156250000000002
0 0.16540625 0.935546875 0.047796875 0.085078125
0 0.03228125 0.722171875 0.050812500000000003 0.093203125
0 0.47435937499999997 0.0143125 0.019859375000000002 0.028640624999999996
0 0.954109375 0.46362500000000006 0.035828125 0.06221875
0 0.013171875 0.610359375 0.0263125 0.066953125
0 0.11878124999999999 0.9296875 0.042484375000000005 0.0935
0 0.092828125 0.4038125 0.03875 0.0548125
0 0.28784375 0.0171875 0.024 0.030796875
0 0.23303124999999997 0.02303125 0.023375 0.03621875
0 0.194578125 0.4038125 0.036078125 0.055421874999999995
0 0.542 0.954109375 0.030796875 0.087703125
0 0.2109375 0.027796875 0.027484375 0.032953125
0 0.51465625 0.012171875 0.017906250000000002 0.02434375
0 0.018796874999999998 0.156609375 0.035953125 0.030328125
0 0.18848437499999998 0.122015625 0.023953125 0.03753125
0 0.343265625 0.017374999999999998 0.0238125 0.030796875
0 0.938484375 0.40209374999999997 0.034421875000000005 0.05632812499999999
0 0.9233437500000001 0.337640625 0.031734374999999995 0.04840625
0 0.702640625 0.9575156249999999 0.031859375 0.08196875
0 0.16821875 0.123171875 0.0231875 0.037046875
0 0.43896875 0.012687499999999999 0.020796875 0.025359375
0 0.40112500000000006 0.016468749999999997 0.021703125 0.0313125
0 0.59375 0.10303124999999999 0.020421875 0.03896875
0 0.11101562499999999 0.1305 0.033484375 0.03125
0 0.794921875 0.022078125 0.021625 0.04184375
0 0.017109375 0.4038125 0.034187499999999996 0.04578125
0 0.533203125 0.011796875 0.01771875 0.023578125
0 0.74609375 0.9448281250000001 0.03628125 0.10578125000000001
0 0.249640625 0.24010937499999999 0.029421874999999997 0.0416875
0 0.3623125 0.017249999999999998 0.021578125 0.0313125
0 0.38159375 0.0195625 0.02175 0.0365
0 0.023515625000000002 0.041234375000000004 0.022765625 0.029921874999999997
0 0.0780625 0.06118749999999999 0.034765625 0.027953125000000002
0 0.011046875000000001 0.71875 0.022093750000000002 0.083625
0 0.729 0.727046875 0.03540625 0.09271875
0 0.20129687500000001 0.241703125 0.0288125 0.04409375
0 0.177 0.029875000000000002 0.025750000000000002 0.0315625
0 0.090875 0.039125 0.035671875 0.026546874999999998
0 0.554203125 0.010953125 0.017296875 0.021625
0 0.901375 0.734859375 0.068546875 0.057703125
0 0.9711874999999999 0.539546875 0.039125 0.06085937500000001
0 0.915046875 0.791015625 0.07653125 0.06371875
0 0.9233437500000001 0.8579062499999999 0.067328125 0.05878124999999999
0 0.102296875 0.0238125 0.03390625 0.028546875
0 0.723640625 0.0063281249999999995 0.017906250000000002 0.012656249999999999
0 0.11126562499999999 0.009453125 0.029249999999999998 0.018375
0 0.9604531250000001 0.9560625 0.066828125 0.0856875
0 0.0059375 0.215203125 0.011640625 0.026921875