0 0.366703125 0.458984375 0.0315 0.068546875
0 0.23351562499999998 0.4663125 0.035484375 0.06348437500000001
0 0.472171875 0.62109375 0.028546875 0.07653125
0 0.486328125 0.46215624999999994 0.025 0.0674375
0 0.45923437500000003 0.46215624999999994 0.026921875 0.0674375
0 0.6123125 0.623046875 0.02784375 0.07575
0 0.427734375 0.283203125 0.024656249999999998 0.05728124999999999
0 0.75928125 0.276125 0.024515625 0.05878124999999999
0 0.745125 0.46215624999999994 0.029875000000000002 0.072515625
0 0.5180625 0.45946875 0.025421875 0.069390625
0 0.281984375 0.400875 0.03284375 0.063046875
0 0.73046875 0.27490625 0.025859375 0.06021875
0 0.400875 0.2890625 0.026968750000000003 0.0570625
0 0.31103125 0.286625 0.02784375 0.05450000000000001
0 0.40209374999999997 0.620125 0.031921875 0.0809375
0 0.37378125 0.2888125 0.02784375 0.05696875
0 0.5493125 0.4585 0.024281249999999997 0.069640625
0 0.09271875 0.29053125 0.03628125 0.05059375000000001
0 0.2944375 0.45873437499999997 0.03403125 0.06621875
0 0.371578125 0.614265625 0.032718750000000005 0.07696875
0 0.763671875 0.629890625 0.033328125 0.07921875
0 0.577640625 0.62353125 0.02665625 0.074890625
0 0.352546875 0.396234375 0.034421875000000005 0.064203125
0 0.4091875 0.399171875 0.03021875 0.05878124999999999
0 0.13965624999999998 0.288578125 0.032953125 0.053593749999999996
0 0.067078125 0.292234375 0.03521875 0.05090625
0 0.30884375 0.404296875 0.03359375 0.058140625
0 0.68896875 0.628421875 0.030328125 0.085265625
0 0.043609375 0.29321875 0.034187499999999996 0.05059375000000001
0 0.18896875 0.619140625 0.037203125 0.07575
0 0.10931249999999999 0.162234375 0.03028125 0.042578125
0 0.399171875 0.46020312499999994 0.031078125 0.072265625
0 0.150390625 0.617671875 0.04025 0.07764062499999999
0 0.42895312499999994 0.46118750000000003 0.027687499999999997 0.069640625
0 0.12140625000000001 0.614265625 0.042234375000000005 0.07781249999999999
0 0.43603125 0.23132812500000002 0.02328125 0.053500000000000006
0 0.09753125 0.45923437500000003 0.04296875 0.064203125
0 0.542484375 0.625 0.028171875000000002 0.07764062499999999
0 0.80078125 0.630859375 0.0365 0.087890625
0 0.613765625 0.46118750000000003 0.025468750000000002 0.073421875
0 0.338625 0.45996875 0.0314375 0.068171875
0 0.437984375 0.621578125 0.0315625 0.083125
0 0.36865625 0.156734375 0.024390625 0.041078125
0 0.50684375 0.622078125 0.029703125000000004 0.083125
0 0.699703125 0.274171875 0.024703125 0.058562499999999997
0 0.2631875 0.462890625 0.034546875 0.059421875
0 0.380609375 0.396734375 0.029640624999999997 0.06221875
0 0.20495312499999999 0.461921875 0.037390625 0.07184375
0 0.2368125 0.155640625 0.027640625000000002 0.042812499999999996
0 0.03528125 0.610359375 0.044671875 0.07171875
0 0.65234375 0.62353125 0.027687499999999997 0.085390625
0 0.17676562499999998 0.45996875 0.0378125 0.069953125
0 0.40404687499999997 0.15234375 0.025265625000000003 0.04409375
0 0.5805625 0.45946875 0.024609375 0.06915625
0 0.25634375 0.051000000000000004 0.0206875 0.036078125
0 0.22082812500000001 0.619625 0.038109375 0.075015625
0 0.215328125 0.157109375 0.0263125 0.04146875
0 0.47925000000000006 0.10992187499999999 0.021625 0.041328125
0 0.48828125 0.04146875 0.017906250000000002 0.03753125
0 0.09221875 0.613765625 0.046296875 0.07653125
0 0.723640625 0.625 0.031859375 0.09221875
0 0.25415625 0.620609375 0.039703125 0.07421875
0 0.32178125 0.2395 0.026546874999999998 0.04840625
0 0.52490625 0.10821875 0.020515625000000003 0.040765625
0 0.25 0.39696875 0.03403125 0.064875
0 0.6435625 0.2736875 0.025078125 0.06525
0 0.348140625 0.23840625000000001 0.027640625000000002 0.043453124999999995
0 0.707515625 0.3984375 0.025671875 0.05225
0 0.5234375 0.399171875 0.026109375 0.050328125
0 0.191765625 0.157953125 0.027109375 0.042875
0 0.197015625 0.05878124999999999 0.029078125 0.03775
0 0.335453125 0.619140625 0.035546875 0.07453125000000001
0 0.58740625 0.281 0.023109374999999998 0.051671875
0 0.172359375 0.158203125 0.0241875 0.042328125
0 0.711421875 0.45971875000000006 0.027640625000000002 0.072390625
0 0.090578125 0.164671875 0.025953125 0.04146875
0 0.583015625 0.395515625 0.02590625 0.0675625
0 0.8359375 0.633296875 0.037203125 0.088015625
0 0.339109375 0.286375 0.02590625 0.051265625
0 0.384765625 0.23620312499999999 0.027734375 0.048125
0 0.6694375 0.227296875 0.024609375 0.05440625
0 0.42553124999999997 0.044187500000000005 0.017374999999999998 0.03628125
0 0.260015625 0.728515625 0.04525 0.09668750000000001
0 0.036015625 0.40551562499999994 0.03796875 0.048671874999999996
0 0.132203125 0.161015625 0.030109375 0.042078125
0 0.8779375 0.63671875 0.04328125 0.08251562500000001
0 0.067203125 0.25 0.03253125 0.039421875
0 0.194703125 0.40356249999999994 0.03534375 0.05571875
0 0.021234375 0.29321875 0.03396875 0.050046875000000005
0 0.276375 0.0495 0.020171875 0.034296875
0 0.531734375 0.0365625 0.01871875 0.0391875
0 0.16784375 0.40551562499999994 0.034609375 0.052031249999999994
0 0.110109375 0.2476875 0.031796875 0.0416875
0 0.31371875 0.051265625 0.020015625000000002 0.031796875
0 0.177484375 0.24548437500000003 0.02590625 0.039421875
0 0.675296875 0.394046875 0.02753125 0.06609374999999999
0 0.145140625 0.39990625 0.0350625 0.05996875
0 0.594734375 0.031203124999999998 0.018828125 0.040765625
0 0.13134375 0.24548437500000003 0.033140625 0.042328125
0 0.8520468749999999 0.46801562499999994 0.036828125 0.067328125
0 0.8178750000000001 0.46362500000000006 0.034765625 0.065609375
0 0.7890625 0.27246875 0.02640625 0.060515624999999997
0 0.118171875 0.402828125 0.03521875 0.0571875
0 0.81934375 0.27709375 0.029203125000000003 0.061984375
0 0.210578125 0.11878124999999999 0.027218750000000003 0.03790625
0 0.042812499999999996 0.250984375 0.034187499999999996 0.040375
0 0.3335 0.11878124999999999 0.0249375 0.03621875
0 0.63915625 0.028703125000000003 0.019265625 0.042390625
0 0.29321875 0.11754687500000001 0.02484375 0.034937499999999996
0 0.393796875 0.046484375 0.020890625 0.035546875
0 0.06118749999999999 0.40551562499999994 0.036984375 0.04978125
0 0.17553125 0.729 0.0483125 0.080625
0 0.14465625 0.0624375 0.024281249999999997 0.036625000000000005
0 0.247796875 0.12115625000000001 0.027953125000000002 0.037046875
0 0.2109375 0.9248125 0.047093750000000004 0.10210937499999999
0 0.783203125 0.46240625 0.029312500000000002 0.0704375
0 0.048578125 0.109125 0.0365625 0.030328125
0 0.252203125 0.0235625 0.02328125 0.03359375
0 0.020296875 0.458984375 0.04059375 0.06867187500000001
0 0.08990625 0.404296875 0.038234375 0.054593749999999996
0 0.507328125 0.730953125 0.032046875 0.09234375
0 0.30078125 0.7265625 0.03678125 0.076296875
0 0.412109375 0.11474999999999999 0.023234374999999998 0.034703125
0 0.379390625 0.11615625 0.023859375 0.035609375
0 0.26978125 0.11859375000000001 0.024 0.03528125
0 0.14734375 0.12525 0.0288125 0.035671875
0 0.67725 0.46020312499999994 0.026703125 0.068296875
0 0.47339062500000006 0.01390625 0.017296875 0.027328124999999998
0 0.296390625 0.047421875 0.02203125 0.035890624999999995
0 0.23071875 0.02175 0.020796875 0.034999999999999996
0 0.287359375 0.016593749999999997 0.023375 0.031140624999999998
0 0.18775 0.122015625 0.024703125 0.03803125
0 0.513671875 0.011875 0.017578125 0.023765625000000002
0 0.030156250000000002 0.7211875 0.048671874999999996 0.09221875
0 0.305421875 0.0171875 0.022375 0.027734375
0 0.444828125 0.9526406250000001 0.0314375 0.086796875
0 0.43823437500000006 0.0121875 0.0189375 0.024359375
0 0.25121875 0.93359375 0.043515625 0.0935
0 0.532234375 0.012046875 0.017046875 0.0235625
0 0.166140625 0.9350625000000001 0.04803125 0.0834375
0 0.193 0.027484375 0.030796875 0.02975
0 0.16515625 0.05696875 0.025374999999999998 0.038906249999999996
0 0.01353125 0.609859375 0.026859375 0.0676875
0 0.16771875 0.12359374999999999 0.024281249999999997 0.038453125
0 0.401375 0.017906250000000002 0.018640625 0.031015625
0 0.588375 0.22521874999999997 0.020921875 0.051000000000000004
0 0.065984375 0.080203125 0.036015625 0.029546875
0 0.018125 0.156125 0.03515625 0.029593750000000002
0 0.49878125000000006 0.954109375 0.036078125 0.082703125
0 0.343015625 0.01584375 0.02165625 0.028109375
0 0.9389687500000001 0.40160937499999994 0.036015625 0.0546875
0 0.120234375 0.9262656249999999 0.040921875 0.087890625
0 0.9526406250000001 0.46410937499999994 0.038906249999999996 0.064515625
0 0.59278125 0.103390625 0.018765625 0.038906249999999996
0 0.361078125 0.015421874999999998 0.018125 0.02784375
0 0.18128125 0.056765625 0.024703125 0.038109375
0 0.922859375 0.337890625 0.032234374999999996 0.0495
0 0.1045 0.018125 0.039953125 0.03384375
0 0.082703125 0.04978125 0.034296875 0.028218749999999997
0 0.110109375 0.12989062499999998 0.031734374999999995 0.0304375
0 0.55371875 0.01125 0.01609375 0.022328124999999997
0 0.54296875 0.9536093749999999 0.03028125 0.086484375
0 0.024421875000000003 0.040625 0.01984375 0.028171875000000002
0 0.699703125 0.9575156249999999 0.029921874999999997 0.079046875
0 0.72803125 0.726078125 0.03521875 0.090390625
0 0.01609375 0.17285937499999998 0.030328125 0.03384375
0 0.2006875 0.24059375 0.030796875 0.043765625
0 0.009484375 0.713875 0.018953125 0.07825
0 0.249265625 0.24010937499999999 0.029249999999999998 0.042578125
0 0.175421875 0.028218749999999997 0.026609375 0.028437499999999998
0 0.745609375 0.9428750000000001 0.0391875 0.10521875
0 0.156375 0.025796875000000004 0.02071875 0.026000000000000002
0 0.8999062500000001 0.73340625 0.068421875 0.0570625
0 0.793453125 0.02178125 0.02346875 0.042171875
0 0.9594687499999999 0.9545937500000001 0.0676875 0.0805
0 0.93359375 0.8793906249999999 0.07184375 0.08465625
0 0.007515625 0.0406875 0.014781250000000001 0.027640625000000002
0 0.91309375 0.79053125 0.074890625 0.06476562500000001
0 0.005546875 0.214484375 0.010906250000000001 0.027953125000000002