0 0.47339062500000006 0.620609375 0.028968749999999998 0.0779375
0 0.23546874999999998 0.46801562499999994 0.03753125 0.0624375
0 0.092828125 0.292 0.036890624999999996 0.05184375
0 0.3674375 0.4585 0.029375000000000002 0.068421875
0 0.48754687499999994 0.46314062500000003 0.02484375 0.068296875
0 0.3725625 0.614265625 0.03234375 0.07709375
0 0.10968750000000001 0.162234375 0.028968749999999998 0.042484375000000005
0 0.61328125 0.623046875 0.029421874999999997 0.07764062499999999
0 0.404296875 0.616703125 0.0315625 0.08209375
0 0.094359375 0.46215624999999994 0.04015625 0.059875
0 0.12323437500000001 0.46020312499999994 0.03678125 0.063109375
0 0.51953125 0.45873437499999997 0.027437499999999997 0.0731875
0 0.193109375 0.158078125 0.03028125 0.04328125
0 0.140265625 0.289796875 0.03359375 0.05371875
0 0.357421875 0.045875 0.02153125 0.0388125
0 0.578609375 0.624515625 0.02759375 0.077390625
0 0.395015625 0.047093750000000004 0.021124999999999998 0.037390625
0 0.40014062499999997 0.45873437499999997 0.03259375 0.073296875
0 0.090265625 0.248046875 0.03359375 0.042640625
0 0.15209375 0.159671875 0.028015625 0.041375
0 0.5810625 0.46020312499999994 0.0260625 0.07079687500000001
0 0.42651562500000006 0.044765624999999996 0.018687500000000003 0.036890624999999996
0 0.18871875 0.61865625 0.037390625 0.07453125000000001
0 0.121703125 0.61475 0.042390625 0.080625
0 0.46557812500000006 0.39746875 0.028437499999999998 0.056765625
0 0.61475 0.45873437499999997 0.025124999999999998 0.07079687500000001
0 0.74609375 0.46264062499999997 0.0304375 0.07453125000000001
0 0.542484375 0.625984375 0.029546875 0.080625
0 0.23815624999999999 0.28784375 0.0305 0.053593749999999996
0 0.17334375 0.158328125 0.0268125 0.041078125
0 0.438484375 0.62109375 0.032890625 0.086609375
0 0.1325625 0.160890625 0.029484375 0.04296875
0 0.15003125 0.45996875 0.0365 0.06646875
0 0.6899375 0.628421875 0.030375000000000003 0.08728125
0 0.301265625 0.62109375 0.03775 0.0753125
0 0.187140625 0.288578125 0.02975 0.054296875
0 0.04271875 0.461921875 0.042234375000000005 0.065484375
0 0.3356875 0.61865625 0.035609375 0.0754375
0 0.41040625000000003 0.39721875 0.030375000000000003 0.057374999999999995
0 0.296875 0.047796875 0.02165625 0.036015625
0 0.759765625 0.27465625 0.024656249999999998 0.05865625
0 0.210453125 0.11962500000000001 0.027734375 0.03875
0 0.20593750000000002 0.46240625 0.038234375 0.07079687500000001
0 0.45703125 0.45923437500000003 0.033203125 0.07921875
0 0.14465625 0.06281250000000001 0.02365625 0.03753125
0 0.61571875 0.3986875 0.02665625 0.05450000000000001
0 0.256109375 0.051453125 0.0205625 0.0365
0 0.254640625 0.620125 0.039796874999999995 0.074765625
0 0.03390625 0.609375 0.04459375 0.07184375
0 0.44825 0.04271875 0.0195625 0.036890624999999996
0 0.220703125 0.61865625 0.038109375 0.074765625
0 0.374265625 0.289546875 0.026859375 0.0558125
0 0.16259375 0.059109375 0.022375 0.036828125
0 0.652828125 0.62403125 0.028218749999999997 0.086609375
0 0.54590625 0.140984375 0.021203125 0.04690625
0 0.293953125 0.45971875000000006 0.034937499999999996 0.065859375
0 0.042078125 0.253171875 0.034187499999999996 0.042578125
0 0.11200000000000002 0.24817187500000001 0.03353125 0.04328125
0 0.525875 0.107421875 0.02175 0.041375
0 0.17821875 0.45946875 0.0390625 0.071046875
0 0.531734375 0.034999999999999996 0.019640625000000002 0.04146875
0 0.131953125 0.24621875000000001 0.032718750000000005 0.042171875
0 0.505859375 0.620125 0.03021875 0.08728125
0 0.19396875 0.058562499999999997 0.022375 0.03875
0 0.27709375 0.0496875 0.02153125 0.034296875
0 0.1799375 0.24378125 0.0315625 0.04153125
0 0.2631875 0.462890625 0.035484375 0.058562499999999997
0 0.157953125 0.616703125 0.04009375 0.08178125
0 0.306890625 0.017046875 0.021359375 0.028218749999999997
0 0.63965625 0.029078125 0.019234375 0.041328125
0 0.524421875 0.400875 0.027218750000000003 0.052515624999999996
0 0.340578125 0.286625 0.029078125 0.05340625
0 0.336421875 0.04690625 0.02203125 0.038390625
0 0.21862499999999999 0.052515624999999996 0.02390625 0.03753125
0 0.700203125 0.275390625 0.023765625000000002 0.0571875
0 0.616703125 0.279296875 0.02328125 0.05890625000000001
0 0.3149375 0.04978125 0.0206875 0.03228125
0 0.018765625 0.4585 0.037328125000000004 0.0675625
0 0.1588125 0.2421875 0.02859375 0.042578125
0 0.06621875 0.251703125 0.03278125 0.042390625
0 0.14746874999999998 0.125359375 0.029312500000000002 0.035484375
0 0.853515625 0.46606249999999994 0.03628125 0.068546875
0 0.322515625 0.23914062500000002 0.027265624999999998 0.047703125
0 0.59521875 0.031671875 0.020453125 0.040921875
0 0.249265625 0.11920312500000001 0.025625 0.03615625
0 0.6484375 0.458984375 0.02446875 0.069515625
0 0.02328125 0.294921875 0.034937499999999996 0.05184375
0 0.48046875 0.289796875 0.0260625 0.04821875
0 0.091859375 0.164921875 0.026265624999999997 0.04146875
0 0.1691875 0.40259375000000003 0.0350625 0.04978125
0 0.293453125 0.117796875 0.025515624999999997 0.035484375
0 0.354984375 0.11676562500000001 0.02390625 0.036828125
0 0.72509375 0.625 0.031984374999999995 0.09253125
0 0.380375 0.116328125 0.023078124999999998 0.03875
0 0.06903125 0.61084375 0.046015625 0.086796875
0 0.8198281250000001 0.276609375 0.030328125 0.062921875
0 0.260015625 0.728515625 0.046546875 0.099484375
0 0.669921875 0.22570312499999998 0.025468750000000002 0.055203125
0 0.7109375 0.460453125 0.028437499999999998 0.072625
0 0.177125 0.729 0.047703125 0.082828125
0 0.1953125 0.40112500000000006 0.03615625 0.053093749999999995
0 0.181890625 0.05571875 0.021046875 0.04009375
0 0.338375 0.45946875 0.0304375 0.065859375
0 0.47435937499999997 0.014171875 0.019421874999999998 0.0280625
0 0.43896875 0.012734375000000001 0.020515625000000003 0.025484374999999997
0 0.21106250000000001 0.9243124999999999 0.047421875 0.1015625
0 0.8784218750000001 0.637203125 0.043453124999999995 0.082390625
0 0.24939062500000003 0.24096875 0.028765625 0.043453124999999995
0 0.344484375 0.016015625 0.023234374999999998 0.028703125000000003
0 0.18871875 0.12103124999999999 0.024234375 0.0365625
0 0.38525 0.237546875 0.029249999999999998 0.051765625
0 0.065484375 0.07946875 0.0378125 0.0305
0 0.046203125 0.11296874999999999 0.042234375000000005 0.03628125
0 0.36303125 0.014781250000000001 0.020296875 0.028218749999999997
0 0.51465625 0.0119375 0.01815625 0.023875
0 0.091546875 0.40356249999999994 0.03875 0.055609375
0 0.030953124999999998 0.720703125 0.050046875000000005 0.093203125
0 0.168828125 0.1224375 0.024281249999999997 0.035953125
0 0.789546875 0.27246875 0.026359375 0.060640625000000004
0 0.16515625 0.935546875 0.04840625 0.085078125
0 0.954109375 0.463875 0.036828125 0.065984375
0 0.250984375 0.932625 0.045015625 0.093328125
0 0.15771875 0.026265624999999997 0.022578124999999998 0.028546875
0 0.8178750000000001 0.46240625 0.034234375 0.064203125
0 0.703125 0.0255625 0.02025 0.041078125
0 0.5 0.9545937500000001 0.039421875 0.08228125
0 0.2109375 0.025421875 0.028937499999999998 0.0298125
0 0.533203125 0.012718750000000001 0.0171875 0.024609375
0 0.836921875 0.633296875 0.03934375 0.090390625
0 0.016718749999999998 0.172125 0.032234374999999996 0.036078125
0 0.40234375 0.01390625 0.01984375 0.027484375
0 0.11962500000000001 0.927734375 0.045109375 0.092828125
0 0.013218750000000001 0.609859375 0.026359375 0.0676875
0 0.938484375 0.40209374999999997 0.03515625 0.05696875
0 0.593265625 0.102484375 0.019859375000000002 0.0388125
0 0.40014062499999997 0.9516562499999999 0.0406875 0.08496875000000001
0 0.9819375000000001 0.61571875 0.03396875 0.08478125
0 0.5415 0.9526406250000001 0.030796875 0.086796875
0 0.922859375 0.338375 0.0314375 0.05014062500000001
0 0.090390625 0.037593749999999995 0.02784375 0.024390625
0 0.11340625 0.12903125 0.037593749999999995 0.0305
0 0.554203125 0.01065625 0.016843749999999998 0.021203125
0 0.023703125 0.041078125 0.020765625 0.029546875
0 0.193359375 0.026968750000000003 0.018687500000000003 0.02790625
0 0.728515625 0.7265625 0.03540625 0.091375
0 0.076421875 0.061890625 0.035890624999999995 0.0314375
0 0.701171875 0.9575156249999999 0.033078125 0.079890625
0 0.012046875 0.057921875 0.024078125 0.044921875
0 0.010328125 0.71484375 0.02065625 0.0808125
0 0.00871875 0.20495312499999999 0.0171875 0.04271875
0 0.723140625 0.0064843750000000006 0.018296875 0.012828125000000001
0 0.10992187499999999 0.009859375 0.02865625 0.019453124999999998
0 0.9028281249999999 0.733890625 0.06982812499999999 0.057703125
0 0.921875 0.85840625 0.068171875 0.06085937500000001
0 0.958984375 0.954109375 0.06867187500000001 0.08301562500000001
0 0.915046875 0.792484375 0.07434375 0.064640625
0 0.79053125 0.006 0.019265625 0.011828125
0 0.007203125 0.399171875 0.01440625 0.04296875
0 0.00825 0.041078125 0.01640625 0.02790625