0 0.05834375000000001 0.72559375 0.049953125 0.096375
0 0.383796875 0.236328125 0.02784375 0.04578125
0 0.165765625 0.40404687499999997 0.0378125 0.05603125
0 0.524421875 0.10578125000000001 0.02271875 0.039484375
0 0.378171875 0.39746875 0.028937499999999998 0.0624375
0 0.349125 0.40503125000000006 0.03125 0.055203125
0 0.1744375 0.728515625 0.04146875 0.096375
0 0.0229375 0.724125 0.045875 0.094171875
0 0.0406875 0.40551562499999994 0.040625 0.052703124999999997
0 0.090265625 0.404296875 0.038328125000000005 0.05440625
0 0.8154375 0.45971875000000006 0.033390625 0.074890625
0 0.650390625 0.62646875 0.030671874999999998 0.078921875
0 0.78271875 0.461921875 0.0313125 0.073859375
0 0.74071875 0.46215624999999994 0.03240625 0.076296875
0 0.884765625 0.63525 0.04453125 0.081234375
0 0.578125 0.619625 0.028968749999999998 0.085265625
0 0.57421875 0.0313125 0.02109375 0.03875
0 0.774421875 0.020296875 0.0195625 0.039125
0 0.24903124999999998 0.23914062500000002 0.03125 0.04821875
0 0.61328125 0.625484375 0.030734375 0.07934375
0 0.065 0.249265625 0.034609375 0.0419375
0 0.687984375 0.6274375 0.033328125 0.08978125
0 0.33446875 0.114203125 0.025859375 0.0419375
0 0.47290625000000003 0.142703125 0.02215625 0.049046875000000004
0 0.32153125 0.238765625 0.030375000000000003 0.04821875
0 0.809578125 0.6328125 0.036015625 0.088015625
0 0.536625 0.28246875 0.02484375 0.05225
0 0.8217812500000001 0.276125 0.0305 0.065484375
0 0.67821875 0.39721875 0.025953125 0.06021875
0 0.507328125 0.625484375 0.03403125 0.086
0 0.017078125 0.4555625 0.03415625 0.069953125
0 0.06348437500000001 0.61328125 0.044437500000000005 0.085578125
0 0.15003125 0.46068749999999997 0.038703125 0.06915625
0 0.52734375 0.393796875 0.028703125000000003 0.071046875
0 0.0935 0.46020312499999994 0.038703125 0.0703125
0 0.44995312500000006 0.144890625 0.024421875000000003 0.049046875000000004
0 0.5810625 0.460453125 0.02784375 0.0730625
0 0.2605 0.46264062499999997 0.035828125 0.072390625
0 0.30078125 0.620609375 0.03746875 0.076421875
0 0.10723437499999999 0.1305 0.0315625 0.034234375
0 0.021453125 0.292484375 0.0376875 0.051671875
0 0.354984375 0.044765624999999996 0.023609375 0.041625
0 0.538578125 0.23424999999999999 0.023328124999999998 0.044921875
0 0.616703125 0.46020312499999994 0.026546874999999998 0.073859375
0 0.4873125 0.46020312499999994 0.026968750000000003 0.07684375
0 0.7085 0.02175 0.018546874999999997 0.040921875
0 0.671390625 0.22400000000000003 0.02475 0.05625
0 0.2526875 0.620609375 0.038453125 0.07585937499999999
0 0.6484375 0.45703125 0.025421875 0.07275000000000001
0 0.618171875 0.09753125 0.020140625000000002 0.045875
0 0.45532812500000003 0.2836875 0.024796875 0.054593749999999996
0 0.645515625 0.397703125 0.026859375 0.05625
0 0.34375 0.015562500000000002 0.022109375 0.031109375
0 0.761234375 0.2736875 0.025750000000000002 0.0571875
0 0.303953125 0.01665625 0.022375 0.031015625
0 0.42821875 0.46167187500000006 0.0288125 0.07184375
0 0.151609375 0.621578125 0.042390625 0.079046875
0 0.33446875 0.620125 0.0365 0.073671875
0 0.27075 0.11554687500000001 0.024281249999999997 0.034765625
0 0.732421875 0.2731875 0.024656249999999998 0.060765625000000004
0 0.745609375 0.1325625 0.022765625 0.04921875
0 0.249265625 0.9457968749999999 0.044859375 0.08757812499999999
0 0.18334375 0.619625 0.040765625 0.074640625
0 0.259765625 0.2890625 0.031796875 0.058562499999999997
0 0.267328125 0.017906250000000002 0.023765625000000002 0.030796875
0 0.398921875 0.46118750000000003 0.030921874999999998 0.07171875
0 0.14575 0.12359374999999999 0.02484375 0.0390625
0 0.11859375000000001 0.9331093750000001 0.04525 0.09125
0 0.295171875 0.46264062499999997 0.03390625 0.072515625
0 0.702640625 0.274421875 0.022984375 0.0570625
0 0.532234375 0.030625000000000003 0.021281249999999998 0.04534375
0 0.523921875 0.140265625 0.021281249999999998 0.043453124999999995
0 0.090265625 0.164921875 0.03284375 0.04153125
0 0.05645312500000001 0.08959375 0.03521875 0.030859375
0 0.48706250000000006 0.234625 0.025515624999999997 0.043765625
0 0.15784375 0.026921875 0.023734375 0.03409375
0 0.665046875 0.09221875 0.02303125 0.05059375000000001
0 0.72509375 0.22717187499999997 0.025 0.047
0 0.155890625 0.242921875 0.0313125 0.044765624999999996
0 0.365484375 0.46068749999999997 0.029984375 0.06982812499999999
0 0.257328125 0.14953125 0.026500000000000003 0.047328125
0 0.223015625 0.62109375 0.0388125 0.075984375
0 0.12145312500000001 0.619140625 0.03934375 0.07195312499999999
0 0.088984375 0.03359375 0.04015625 0.027437499999999997
0 0.166375 0.12073437499999999 0.025796875000000004 0.04296875
0 0.34009375 0.46118750000000003 0.032234374999999996 0.06915625
0 0.4921875 0.0388125 0.020796875 0.035734375
0 0.370359375 0.622078125 0.03384375 0.074765625
0 0.30371875 0.149296875 0.0270625 0.04434375
0 0.04178125 0.25121875 0.032890625 0.042171875
0 0.31371875 0.11376562500000001 0.024609375 0.03671875
0 0.161375 0.058234375000000005 0.024281249999999997 0.039796874999999995
0 0.2526875 0.05340625 0.023609375 0.040015625
0 0.411625 0.11517187499999999 0.02365625 0.041375
0 0.469734375 0.038609375 0.021406249999999998 0.03790625
0 0.40454687500000003 0.623046875 0.034234375 0.080203125
0 0.891609375 0.5546875 0.06525 0.06525
0 0.9311562500000001 0.8618124999999999 0.0731875 0.068546875
0 0.68115625 0.45824999999999994 0.02590625 0.066953125
0 0.17871874999999998 0.241828125 0.03021875 0.042328125
0 0.727546875 0.020609375 0.01984375 0.041234375000000004
0 0.70215625 0.9609375 0.035546875 0.07520312500000001
0 0.279546875 0.151734375 0.02615625 0.04428125
0 0.9164999999999999 0.791015625 0.08692187500000001 0.065484375
0 0.94921875 0.9457968749999999 0.072390625 0.087890625
0 0.492671875 0.01571875 0.020374999999999997 0.03021875
0 0.901375 0.73340625 0.07585937499999999 0.057374999999999995
0 0.0376875 0.12262500000000001 0.037265625000000004 0.03265625
0 0.24865624999999997 0.117796875 0.023140625 0.042390625
0 0.556640625 0.009375 0.01678125 0.01875
0 0.665046875 0.0263125 0.02025 0.03515625
0 0.729984375 0.72803125 0.037390625 0.09503125
0 0.474125 0.011828125 0.02025 0.023640625000000002
0 0.22937500000000002 0.023765625000000002 0.02409375 0.031796875
0 0.54296875 0.9545937500000001 0.0305625 0.0856875
0 0.298578125 0.04525 0.0225 0.035828125
0 0.40209374999999997 0.01490625 0.02165625 0.029546875
0 0.22815625 0.118171875 0.022765625 0.040765625
0 0.204828125 0.1199375 0.023234374999999998 0.040765625
0 0.276125 0.046390625000000005 0.022109375 0.039484375
0 0.192265625 0.027109375 0.025171875 0.030046875
0 0.6171875 0.00775 0.016468749999999997 0.015078125000000001
0 0.5336875 0.011734375 0.017984375 0.023421875
0 0.066953125 0.07585937499999999 0.03228125 0.028015625
0 0.19775 0.054203125 0.025171875 0.039281250000000004
0 0.1799375 0.05632812499999999 0.023421875 0.040015625
0 0.14453125 0.06231250000000001 0.020171875 0.030734375
0 0.10595312500000001 0.009890625 0.034359375 0.019203124999999998
0 0.7475625 0.006640625 0.017515625 0.013125000000000001
0 0.010125 0.06231250000000001 0.019171874999999998 0.02475
0 0.007015625 0.197625 0.013796875 0.040765625
0 0.0231875 0.036984375 0.017906250000000002 0.02328125
0 0.008640625 0.038453125 0.016984375 0.025671875