0 0.41040625000000003 0.403328125 0.03284375 0.063109375
0 0.182984375 0.234015625 0.026546874999999998 0.0485
0 0.664546875 0.094171875 0.021156249999999998 0.044921875
0 0.777828125 0.22815625 0.028015625 0.048765625
0 0.61475 0.3981875 0.028875 0.0624375
0 0.0456875 0.292484375 0.029078125 0.05184375
0 0.838875 0.08209375 0.02021875 0.03803125
0 0.031921875 0.6123125 0.04821875 0.06982812499999999
0 0.020515625000000003 0.40771875 0.040375 0.05500000000000001
0 0.0989375 0.61621875 0.041328125 0.071234375
0 0.338375 0.11920312500000001 0.025859375 0.035953125
0 0.739265625 0.09534375 0.021328125 0.043859375
0 0.524421875 0.40064062500000003 0.029984375 0.058437499999999996
0 0.703125 0.275640625 0.02475 0.053593749999999996
0 0.716796875 0.138671875 0.02096875 0.0388125
0 0.651375 0.46704687500000003 0.030109375 0.065609375
0 0.21106250000000001 0.12250000000000001 0.030671874999999998 0.043359375
0 0.292484375 0.119015625 0.02790625 0.04146875
0 0.559578125 0.28246875 0.027953125000000002 0.05071875
0 0.749515625 0.4663125 0.03021875 0.07409375
0 0.80859375 0.223390625 0.0268125 0.055515625
0 0.312984375 0.286375 0.02865625 0.05878124999999999
0 0.203125 0.46240625 0.0365 0.06867187500000001
0 0.11164062500000001 0.12878125 0.02590625 0.045109375
0 0.378421875 0.288328125 0.02759375 0.05184375
0 0.126953125 0.619625 0.040921875 0.074765625
0 0.37084375 0.46167187500000006 0.034703125 0.064515625
0 0.640625 0.03521875 0.02084375 0.03359375
0 0.474609375 0.619625 0.03678125 0.08228125
0 0.46654687499999997 0.39696875 0.028765625 0.06476562500000001
0 0.448734375 0.0468125 0.021859375 0.03371875
0 0.30615625 0.0200625 0.019203124999999998 0.031078125
0 0.8774374999999999 0.63184375 0.0388125 0.083734375
0 0.43481249999999994 0.112421875 0.021703125 0.04321875
0 0.555171875 0.45946875 0.028437499999999998 0.065984375
0 0.8061562500000001 0.63134375 0.03753125 0.09515625
0 0.50634375 0.28271875 0.026000000000000002 0.063046875
0 0.21106250000000001 0.296625 0.034999999999999996 0.04715625
0 0.42895312499999994 0.46778125 0.03278125 0.06348437500000001
0 0.337640625 0.62403125 0.042171875 0.077390625
0 0.469234375 0.041375 0.01990625 0.039640625
0 0.23523437500000002 0.46020312499999994 0.03746875 0.065375
0 0.19371875 0.614265625 0.046625 0.07781249999999999
0 0.149171875 0.465828125 0.043453124999999995 0.063109375
0 0.414546875 0.616703125 0.037203125 0.08301562500000001
0 0.50684375 0.10265625 0.022328124999999997 0.043359375
0 0.35303125 0.400390625 0.036890624999999996 0.05696875
0 0.22803125 0.23742187499999998 0.029140624999999996 0.049312499999999995
0 0.657234375 0.61084375 0.0365625 0.0888125
0 0.1171875 0.2944375 0.034421875000000005 0.042390625
0 0.5913125 0.23071875 0.024515625 0.05090625
0 0.018562500000000003 0.46240625 0.037140625 0.065859375
0 0.49121875 0.040625 0.02153125 0.040375
0 0.39965625 0.047796875 0.024609375 0.03378125
0 0.12346874999999999 0.45873437499999997 0.03746875 0.06867187500000001
0 0.939453125 0.41185937499999997 0.035609375 0.06231250000000001
0 0.692875 0.138671875 0.02284375 0.03621875
0 0.380609375 0.117984375 0.0263125 0.03896875
0 0.255609375 0.6225625 0.04578125 0.076421875
0 0.173703125 0.40528125 0.04046875 0.053890625000000004
0 0.463375 0.46215624999999994 0.0305 0.06982812499999999
0 0.918953125 0.80371875 0.077203125 0.059546875
0 0.70459375 0.022890625 0.021484375 0.04271875
0 0.349359375 0.23975 0.0305625 0.05696875
0 0.09221875 0.167609375 0.03515625 0.040984375
0 0.0705625 0.293703125 0.0350625 0.054593749999999996
0 0.065609375 0.460453125 0.04525 0.066953125
0 0.4375 0.235109375 0.027109375 0.056640625
0 0.028218749999999997 0.72265625 0.05340625 0.091734375
0 0.0705625 0.24670312499999997 0.03384375 0.0456875
0 0.483890625 0.281 0.026703125 0.056546874999999996
0 0.31615625 0.051000000000000004 0.0249375 0.03265625
0 0.46020312499999994 0.23718750000000002 0.024046875000000002 0.050234375
0 0.36596875 0.016984375 0.021203125 0.033078125
0 0.2163125 0.16003125 0.02640625 0.035484375
0 0.356203125 0.053984374999999994 0.023421875 0.033203125
0 0.37109375 0.152703125 0.025421875 0.043953124999999996
0 0.146609375 0.064875 0.02828125 0.03371875
0 0.4868125 0.23181250000000003 0.021453125 0.048125
0 0.1485625 0.12103124999999999 0.027218750000000003 0.051453125
0 0.296875 0.46118750000000003 0.044859375 0.065484375
0 0.1744375 0.160765625 0.031609375 0.034703125
0 0.159796875 0.033078125 0.02753125 0.029984375
0 0.43432812500000006 0.01628125 0.02253125 0.032234374999999996
0 0.9038125000000001 0.73584375 0.06928125 0.0558125
0 0.23975 0.16040625 0.031140624999999998 0.035546875
0 0.32421875 0.018984375 0.018796874999999998 0.034359375
0 0.054906250000000004 0.10357812500000001 0.042328125 0.03796875
0 0.4555625 0.01571875 0.020171875 0.031015625
0 0.9321249999999999 0.872078125 0.073671875 0.06029687500000001
0 0.258296875 0.05340625 0.024140625 0.034875
0 0.19434374999999998 0.0313125 0.026546874999999998 0.033015625
0 0.557125 0.01146875 0.02009375 0.022671875
0 0.021406249999999998 0.157953125 0.040625 0.029703125000000004
0 0.093015625 0.037203125 0.034703125 0.027265624999999998
0 0.620125 0.0094375 0.018437500000000002 0.018875
0 0.23132812500000002 0.024796875 0.02203125 0.037109375
0 0.008421874999999999 0.21423437500000003 0.016843749999999998 0.030671874999999998
0 0.34375 0.016984375 0.02225 0.03278125
0 0.012921875 0.18859375 0.025671875 0.0365625
0 0.069390625 0.07409375 0.039281250000000004 0.029203125000000003
0 0.640140625 0.0088125 0.0206875 0.0174375
0 0.2211875 0.058140625 0.024656249999999998 0.031671875
0 0.24853125 0.0225 0.024390625 0.037109375
0 0.541015625 0.951171875 0.0305625 0.09253125
0 0.11474999999999999 0.01115625 0.040015625 0.02203125
0 0.023734375 0.039281250000000004 0.026859375 0.030046875