0 0.058984375 0.724609375 0.0496875 0.097234375
0 0.173578125 0.727546875 0.041234375000000004 0.09534375
0 0.713875 0.094484375 0.020765625 0.03875
0 0.3776875 0.397703125 0.029984375 0.064203125
0 0.024359375 0.72559375 0.04871875 0.094171875
0 0.790046875 0.2736875 0.025078125 0.0570625
0 0.78271875 0.46264062499999997 0.031375 0.074765625
0 0.13770312499999998 0.72265625 0.046390625000000005 0.094484375
0 0.349609375 0.40404687499999997 0.0315 0.05500000000000001
0 0.8154375 0.460453125 0.033265625 0.0754375
0 0.290765625 0.46362500000000006 0.036890624999999996 0.074640625
0 0.090390625 0.4038125 0.039484375 0.05500000000000001
0 0.523921875 0.1065 0.022578124999999998 0.04025
0 0.040625 0.40528125 0.04009375 0.052609375
0 0.09125 0.614265625 0.043609375 0.072625
0 0.167359375 0.403328125 0.037109375 0.05632812499999999
0 0.176640625 0.461921875 0.03753125 0.070671875
0 0.649421875 0.62646875 0.03028125 0.07860937500000001
0 0.33471875 0.620125 0.037109375 0.0731875
0 0.740234375 0.46240625 0.03125 0.07653125
0 0.6123125 0.625484375 0.03234375 0.0779375
0 0.06525 0.249640625 0.034703125 0.041140625
0 0.354984375 0.045015625 0.023234374999999998 0.040828125
0 0.48901562500000006 0.45923437500000003 0.027640625000000002 0.0701875
0 0.7085 0.022109375 0.01871875 0.040828125
0 0.30053125 0.62109375 0.03803125 0.07653125
0 0.507328125 0.625 0.034765625 0.085265625
0 0.4506875 0.145265625 0.023515625000000002 0.048765625
0 0.267578125 0.0190625 0.0238125 0.03353125
0 0.185296875 0.619140625 0.040625 0.074640625
0 0.536625 0.281984375 0.025421875 0.052031249999999994
0 0.677734375 0.39696875 0.025718750000000002 0.06021875
0 0.526375 0.392578125 0.02753125 0.069640625
0 0.581546875 0.458984375 0.0288125 0.072875
0 0.031984374999999995 0.61084375 0.042390625 0.08039062500000001
0 0.6875 0.62646875 0.03284375 0.088984375
0 0.8842812500000001 0.634765625 0.042578125 0.07921875
0 0.24853125 0.237796875 0.030671874999999998 0.051265625
0 0.25146875 0.40356249999999994 0.0364375 0.059750000000000004
0 0.016953125 0.45532812500000003 0.03390625 0.0701875
0 0.732421875 0.274421875 0.024515625 0.059328124999999995
0 0.2526875 0.620125 0.03875 0.07575
0 0.063359375 0.611328125 0.04328125 0.083625
0 0.321046875 0.23937499999999998 0.030375000000000003 0.048578125
0 0.093875 0.45996875 0.039281250000000004 0.06982812499999999
0 0.366703125 0.46118750000000003 0.03265625 0.071046875
0 0.26025 0.46240625 0.035828125 0.072625
0 0.745609375 0.1330625 0.02284375 0.0505
0 0.10821875 0.13134375 0.0305625 0.036984375
0 0.671390625 0.224359375 0.024609375 0.0558125
0 0.270515625 0.115359375 0.0249375 0.03365625
0 0.761234375 0.274171875 0.025078125 0.0570625
0 0.024515625 0.29321875 0.03678125 0.054109375
0 0.45678124999999997 0.28271875 0.0241875 0.05571875
0 0.5546875 0.3981875 0.027015624999999998 0.0614375
0 0.24853125 0.9467812500000001 0.045109375 0.08728125
0 0.11932812500000001 0.931640625 0.046625 0.0886875
0 0.47339062500000006 0.14356249999999998 0.02215625 0.048578125
0 0.25928125 0.289796875 0.031734374999999995 0.0571875
0 0.61865625 0.09771875 0.020015625000000002 0.04525
0 0.70215625 0.274171875 0.02346875 0.056859375000000004
0 0.645015625 0.399171875 0.026203125 0.05865625
0 0.2578125 0.149296875 0.028109375 0.047421875
0 0.146484375 0.124875 0.024 0.040828125
0 0.538578125 0.23351562499999998 0.023078124999999998 0.04459375
0 0.53271875 0.027484375 0.021453125 0.05059375000000001
0 0.166375 0.12084375 0.025671875 0.043125000000000004
0 0.47021875 0.034359375 0.022890625 0.045953125
0 0.724609375 0.2265625 0.0249375 0.047
0 0.09009375 0.032953125 0.038171875 0.027734375
0 0.156 0.24304687500000002 0.031078125 0.04409375
0 0.66553125 0.09221875 0.0235625 0.05071875
0 0.180546875 0.0571875 0.02175 0.03790625
0 0.40356249999999994 0.6225625 0.034875 0.080625
0 0.22937500000000002 0.02365625 0.023765625000000002 0.031921875
0 0.041140625 0.249640625 0.032953125 0.038906249999999996
0 0.22290625 0.620125 0.0391875 0.07575
0 0.17821875 0.241828125 0.0313125 0.043453124999999995
0 0.12084375 0.61865625 0.040531250000000005 0.07184375
0 0.41137499999999994 0.11517187499999999 0.0238125 0.04184375
0 0.727546875 0.021015625 0.019375 0.0416875
0 0.279046875 0.151609375 0.0255625 0.044921875
0 0.038109375 0.12464062499999999 0.0376875 0.029375000000000002
0 0.853515625 0.46849999999999997 0.034234375 0.06659375
0 0.199953125 0.0546875 0.025171875 0.0391875
0 0.48706250000000006 0.234625 0.025671875 0.044437500000000005
0 0.494140625 0.011859375 0.019984375 0.02371875
0 0.33959375 0.46118750000000003 0.0314375 0.0675625
0 0.24890625000000002 0.1171875 0.022375 0.042328125
0 0.301515625 0.149046875 0.023140625 0.044921875
0 0.087890625 0.1640625 0.030328125 0.04409375
0 0.49193749999999997 0.039859375 0.02025 0.03409375
0 0.542 0.9545937500000001 0.0304375 0.084046875
0 0.70215625 0.9609375 0.034421875000000005 0.07665625000000001
0 0.064875 0.168828125 0.027640625000000002 0.037390625
0 0.228265625 0.117984375 0.023109374999999998 0.04146875
0 0.20495312499999999 0.11968749999999999 0.023140625 0.041078125
0 0.680671875 0.45532812500000003 0.0270625 0.06903125
0 0.013796875 0.60840625 0.027484375 0.07171875
0 0.664546875 0.027328124999999998 0.020374999999999997 0.034609375
0 0.1638125 0.2888125 0.032234374999999996 0.047703125
0 0.065734375 0.076296875 0.03234375 0.027640625000000002
0 0.29809375 0.047703125 0.02153125 0.031140624999999998
0 0.49779687499999997 0.9565468750000001 0.038328125000000005 0.080203125
0 0.40209374999999997 0.015609375 0.021703125 0.030921874999999998
0 0.474125 0.011453125 0.02071875 0.02290625
0 0.729 0.728515625 0.0365 0.0935
0 0.682125 0.006890625 0.018687500000000003 0.01378125
0 0.145625 0.0625625 0.024281249999999997 0.0313125
0 0.106328125 0.00996875 0.034937499999999996 0.01909375
0 0.6171875 0.00775 0.016718749999999998 0.01525
0 0.7475625 0.006671874999999999 0.017859375 0.013171875
0 0.0095625 0.0626875 0.018046875 0.02346875
0 0.918953125 0.794921875 0.0809375 0.065484375
0 0.007171874999999999 0.193 0.014171875 0.031671875