0 0.808640625 0.395984375 0.03025 0.052015624999999996
0 0.06029687500000001 0.724609375 0.051765625 0.098453125
0 0.2605 0.729 0.044859375 0.098078125
0 0.1746875 0.72559375 0.040921875 0.098078125
0 0.025093749999999998 0.72509375 0.050203125 0.09668750000000001
0 0.688484375 0.63184375 0.031921875 0.08039062500000001
0 0.78125 0.463375 0.031609375 0.074765625
0 0.091734375 0.614265625 0.04434375 0.07184375
0 0.814453125 0.45923437500000003 0.03265625 0.07575
0 0.73975 0.46215624999999994 0.03228125 0.07575
0 0.140984375 0.7211875 0.044859375 0.092828125
0 0.791015625 0.274171875 0.02665625 0.057374999999999995
0 0.3359375 0.623046875 0.039796874999999995 0.0703125
0 0.671875 0.278078125 0.024281249999999997 0.055609375
0 0.301515625 0.62353125 0.0388125 0.07396875
0 0.612796875 0.629890625 0.029593750000000002 0.071234375
0 0.712890625 0.096375 0.022671875 0.038703125
0 0.536140625 0.282234375 0.0260625 0.05371875
0 0.1849375 0.621578125 0.039703125 0.06890625
0 0.8832968749999999 0.63575 0.04459375 0.082390625
0 0.817390625 0.02084375 0.0245625 0.035734375
0 0.129390625 0.61621875 0.040375 0.06867187500000001
0 0.544921875 0.6274375 0.030156250000000002 0.073546875
0 0.254890625 0.62353125 0.039703125 0.071234375
0 0.1665 0.40503125000000006 0.039796874999999995 0.05371875
0 0.349359375 0.405765625 0.03234375 0.0531875
0 0.523921875 0.107421875 0.022078125 0.039859375
0 0.64990625 0.625984375 0.03028125 0.078375
0 0.300046875 0.7295 0.0390625 0.078484375
0 0.597171875 0.7319375 0.03396875 0.093203125
0 0.378421875 0.3986875 0.031140624999999998 0.06396874999999999
0 0.4555625 0.2839375 0.024421875000000003 0.056546874999999996
0 0.5805625 0.460453125 0.028109375 0.07079687500000001
0 0.064640625 0.6123125 0.04434375 0.08196875
0 0.67090625 0.22521874999999997 0.025328125 0.05450000000000001
0 0.27759375 0.3986875 0.0313125 0.06359375
0 0.041234375000000004 0.46118750000000003 0.04271875 0.07146875
0 0.8276406250000001 0.736328125 0.041625 0.0989375
0 0.25025 0.240484375 0.031671875 0.04690625
0 0.43896875 0.621578125 0.033328125 0.08209375
0 0.708015625 0.024890625 0.019125 0.039640625
0 0.5185625 0.4585 0.029375000000000002 0.0753125
0 0.44434375 0.9516562499999999 0.030953124999999998 0.08709375
0 0.511234375 0.734375 0.0315 0.0936875
0 0.49071875 0.45971875000000006 0.027109375 0.068546875
0 0.589359375 0.27759375 0.023609375 0.0546875
0 0.562015625 0.281984375 0.022984375 0.0505
0 0.507328125 0.62353125 0.031734374999999995 0.08209375
0 0.29834375 0.239875 0.0298125 0.04553125
0 0.06659375 0.250734375 0.034296875 0.0416875
0 0.40307812500000006 0.286859375 0.027109375 0.058437499999999996
0 0.252203125 0.94825 0.049140625 0.082828125
0 0.177984375 0.460453125 0.03628125 0.070671875
0 0.47192187499999994 0.62353125 0.03125 0.0805
0 0.73290625 0.275640625 0.024796875 0.059546875
0 0.26025 0.289796875 0.032718750000000005 0.057703125
0 0.67821875 0.397703125 0.02590625 0.06096875
0 0.70165625 0.9609375 0.035546875 0.07421875
0 0.753421875 0.22742187500000002 0.025515624999999997 0.048671874999999996
0 0.35546875 0.04578125 0.021359375 0.040765625
0 0.09668750000000001 0.45946875 0.039281250000000004 0.069515625
0 0.250734375 0.40528125 0.034609375 0.059421875
0 0.648921875 0.455078125 0.0270625 0.073296875
0 0.710453125 0.396734375 0.02828125 0.072625
0 0.525875 0.39209375 0.02615625 0.06804687499999999
0 0.579109375 0.62403125 0.029703125000000004 0.076109375
0 0.026109375 0.293953125 0.03615625 0.053984374999999994
0 0.770015625 0.137203125 0.0238125 0.04803125
0 0.202640625 0.240234375 0.03265625 0.043859375
0 0.618171875 0.09929687499999999 0.019640625000000002 0.044921875
0 0.538578125 0.235109375 0.023734375 0.045109375
0 0.116578125 0.401375 0.03775 0.058984375
0 0.8520468749999999 0.468265625 0.03540625 0.0676875
0 0.47339062500000006 0.14356249999999998 0.021234375 0.047515625
0 0.761234375 0.275140625 0.025 0.05632812499999999
0 0.368171875 0.46118750000000003 0.03228125 0.072625
0 0.744625 0.13379687499999998 0.022765625 0.04840625
0 0.645015625 0.3984375 0.02590625 0.05728124999999999
0 0.5546875 0.3984375 0.02859375 0.0624375
0 0.45142187500000003 0.146 0.022671875 0.04840625
0 0.2629375 0.46118750000000003 0.035953125 0.073859375
0 0.2915 0.463375 0.0364375 0.073859375
0 0.70215625 0.275640625 0.023515625000000002 0.058234375000000005
0 0.46996874999999994 0.03803125 0.021046875 0.041234375000000004
0 0.40528125 0.622078125 0.035609375 0.08154687499999999
0 0.01728125 0.60790625 0.0345625 0.073671875
0 0.223390625 0.621578125 0.038109375 0.074765625
0 0.650875 0.95215625 0.040828125 0.091546875
0 0.6435625 0.276609375 0.022765625 0.05645312500000001
0 0.41185937499999997 0.116328125 0.024703125 0.042171875
0 0.135859375 0.29296875 0.0378125 0.0533125
0 0.532234375 0.029249999999999998 0.021625 0.048953125
0 0.48828125 0.23584375 0.024703125 0.04534375
0 0.37646875 0.04459375 0.021625 0.042328125
0 0.542484375 0.95215625 0.030046875 0.085578125
0 0.03896875 0.40599999999999997 0.0364375 0.05109375000000001
0 0.322015625 0.23975 0.031609375 0.046625
0 0.33984375 0.46118750000000003 0.03265625 0.0679375
0 0.61571875 0.45873437499999997 0.027171875 0.068421875
0 0.267828125 0.021359375 0.023109374999999998 0.03240625
0 0.680671875 0.45678124999999997 0.026703125 0.06928125
0 0.016015625 0.40599999999999997 0.032046875 0.049140625
0 0.727046875 0.021625 0.01971875 0.042078125
0 0.49731249999999994 0.9565468750000001 0.034937499999999996 0.083125
0 0.156859375 0.24401562499999999 0.029421874999999997 0.0454375
0 0.49243750000000003 0.037328125000000004 0.02034375 0.0403125
0 0.22949999999999998 0.483890625 0.030921874999999998 0.06915625
0 0.04184375 0.25146875 0.032468750000000005 0.039484375
0 0.286375 0.020171875 0.023140625 0.032234374999999996
0 0.06646875 0.40209374999999997 0.039125 0.055421874999999995
0 0.1954375 0.023375 0.025515624999999997 0.0365
0 0.09125 0.4038125 0.03803125 0.05571875
0 0.9252968750000001 0.8520468749999999 0.07434375 0.066828125
0 0.47143750000000006 0.7421875 0.03228125 0.086296875
0 0.177984375 0.2424375 0.0298125 0.042171875
0 0.729 0.729 0.037265625000000004 0.09503125
0 0.665046875 0.094171875 0.024609375 0.050421875000000005
0 0.124203125 0.9301718749999999 0.052703124999999997 0.0888125
0 0.145390625 0.05996875 0.024 0.03875
0 0.16515625 0.12115625000000001 0.028546875 0.042812499999999996
0 0.47973437499999994 0.11164062500000001 0.02021875 0.035609375
0 0.781734375 0.739265625 0.042015625 0.095890625
0 0.27075 0.11474999999999999 0.02521875 0.03234375
0 0.15332812499999998 0.157953125 0.028765625 0.045953125
0 0.402828125 0.016328125 0.021578125 0.032671875
0 0.23034374999999999 0.025515624999999997 0.023515625000000002 0.033015625
0 0.6640625 0.027265624999999998 0.01984375 0.037046875
0 0.534671875 0.01115625 0.01909375 0.022109375
0 0.681640625 0.00784375 0.017984375 0.015671875
0 0.49389062499999997 0.011265625 0.01984375 0.02253125
0 0.616703125 0.00853125 0.017046875 0.0170625
0 0.06659375 0.170046875 0.02665625 0.036828125
0 0.16504687499999998 0.2888125 0.033390625 0.048859375
0 0.747078125 0.007578125 0.01971875 0.015140625
0 0.06671875000000001 0.075015625 0.031921875 0.0298125
0 0.08978125 0.1639375 0.0315625 0.044187500000000005
0 0.302 0.150265625 0.023609375 0.046109375
0 0.2058125 0.12115625000000001 0.023328124999999998 0.040828125
0 0.182125 0.058234375000000005 0.024 0.03515625
0 0.08465625 0.047234375 0.03384375 0.030109375
0 0.25025 0.11578124999999999 0.020171875 0.037593749999999995
0 0.63915625 0.008687499999999999 0.018437500000000002 0.017359375
0 0.03934375 0.125359375 0.036078125 0.029312500000000002
0 0.21667187499999999 0.15075 0.026500000000000003 0.046484375
0 0.10723437499999999 0.010374999999999999 0.03403125 0.01990625
0 0.1638125 0.059875 0.022328124999999997 0.034999999999999996
0 0.00978125 0.065859375 0.0189375 0.029921874999999997
0 0.09618750000000001 0.03228125 0.029984375 0.028015625
0 0.298578125 0.0495 0.020921875 0.030734375
0 0.45581250000000006 0.014328125 0.02059375 0.02790625
0 0.279546875 0.151859375 0.025421875 0.0454375
0 0.10723437499999999 0.132453125 0.0268125 0.037203125
0 0.128546875 0.1276875 0.0238125 0.04146875
0 0.23021875 0.11754687500000001 0.021859375 0.0365625
0 0.147953125 0.125734375 0.0260625 0.04296875
0 0.261234375 0.150140625 0.0270625 0.04690625
0 0.23828125 0.15075 0.0260625 0.046015625
0 0.00815625 0.19371875 0.01609375 0.030921874999999998
0 0.47387499999999994 0.012 0.02059375 0.023984375
0 0.91796875 0.791015625 0.08196875 0.059750000000000004
0 0.661140625 0.0074375 0.018437500000000002 0.014624999999999999
0 0.68603125 0.594734375 0.02590625 0.025328125
0 0.7685625 0.00621875 0.018546874999999997 0.012296875
0 0.08106250000000001 0.027640625000000002 0.020296875 0.025953125