0 0.51171875 0.73340625 0.03359375 0.09515625
0 0.7788125 0.734375 0.042812499999999996 0.08709375
0 0.727046875 0.630859375 0.032718750000000005 0.083625
0 0.8754843749999999 0.63525 0.0403125 0.08178125
0 0.44067187499999994 0.62403125 0.034828125 0.083859375
0 0.8530312500000001 0.46484375 0.03515625 0.0754375
0 0.030921874999999998 0.72265625 0.047703125 0.10124999999999999
0 0.30078125 0.723640625 0.03790625 0.07860937500000001
0 0.81934375 0.462890625 0.035953125 0.0675625
0 0.26196875 0.727046875 0.04453125 0.10107812499999999
0 0.18078125 0.727546875 0.042234375000000005 0.10210937499999999
0 0.061312500000000006 0.727546875 0.053796875 0.104859375
0 0.21240625 0.9223593749999999 0.04978125 0.100703125
0 0.8383749999999999 0.633296875 0.040531250000000005 0.08978125
0 0.9545937500000001 0.45971875000000006 0.034187499999999996 0.048859375
0 0.163453125 0.9350625000000001 0.049859375 0.08154687499999999
0 0.74365625 0.45971875000000006 0.031375 0.074640625
0 0.761234375 0.630375 0.036890624999999996 0.082703125
0 0.7998125 0.634765625 0.040765625 0.08478125
0 0.57665625 0.62646875 0.030375000000000003 0.072875
0 0.509765625 0.62890625 0.029921874999999997 0.072390625
0 0.034359375 0.6171875 0.041140625 0.0705625
0 0.939453125 0.403328125 0.034546875 0.0546875
0 0.8032187499999999 0.395265625 0.033140625 0.0701875
0 0.754890625 0.9487343750000001 0.034609375 0.09753125
0 0.729 0.727046875 0.0365 0.090875
0 0.47485937500000003 0.6274375 0.031859375 0.07146875
0 0.65478125 0.625984375 0.031921875 0.07764062499999999
0 0.1224375 0.923828125 0.0468125 0.083859375
0 0.543453125 0.628421875 0.029078125 0.07159375
0 0.336921875 0.623046875 0.035890624999999995 0.0730625
0 0.372796875 0.614265625 0.031140624999999998 0.07825
0 0.6904375 0.626953125 0.033328125 0.080078125
0 0.30103125 0.622078125 0.03678125 0.076296875
0 0.613765625 0.62353125 0.030796875 0.07696875
0 0.974609375 0.54053125 0.03790625 0.07575
0 0.701171875 0.9560625 0.031375 0.07665625000000001
0 0.67871875 0.462890625 0.028765625 0.074890625
0 0.79053125 0.274171875 0.02975 0.061765625000000005
0 0.77196875 0.400390625 0.029312500000000002 0.063109375
0 0.09534375 0.616703125 0.04146875 0.0730625
0 0.83984375 0.387703125 0.033265625 0.07171875
0 0.25634375 0.623046875 0.0391875 0.07434375
0 0.399171875 0.958015625 0.04296875 0.07421875
0 0.7788125 0.45971875000000006 0.031984374999999995 0.065734375
0 0.73828125 0.396234375 0.026359375 0.061984375
0 0.12475 0.616703125 0.03615625 0.08209375
0 0.711921875 0.46118750000000003 0.028765625 0.073421875
0 0.901375 0.745609375 0.07171875 0.08251562500000001
0 0.583015625 0.458984375 0.027796875 0.07520312500000001
0 0.985359375 0.629390625 0.028968749999999998 0.082828125
0 0.158203125 0.61865625 0.043515625 0.083734375
0 0.22253124999999999 0.621578125 0.038609375 0.07520312500000001
0 0.9272500000000001 0.85840625 0.081671875 0.0833125
0 0.61328125 0.45482812499999997 0.025124999999999998 0.073421875
0 0.191890625 0.61621875 0.03803125 0.081671875
0 0.648921875 0.457515625 0.026859375 0.072078125
0 0.0675625 0.614265625 0.042078125 0.08301562500000001
0 0.64746875 0.38915625 0.027015624999999998 0.07134375
0 0.8168906249999999 0.273921875 0.029140624999999996 0.059421875
0 0.521484375 0.4585 0.027796875 0.07575
0 0.91309375 0.29834375 0.0314375 0.040531250000000005
0 0.70165625 0.2736875 0.024890625 0.0626875
0 0.708984375 0.39965625 0.02759375 0.06118749999999999
0 0.8413125000000001 0.018765625 0.024703125 0.0364375
0 0.67821875 0.383796875 0.027265624999999998 0.06915625
0 0.81640625 0.0205625 0.025 0.039703125
0 0.48949999999999994 0.45971875000000006 0.029140624999999996 0.07421875
0 0.6171875 0.401375 0.026546874999999998 0.059328124999999995
0 0.0108125 0.714359375 0.021328125 0.078484375
0 0.45873437499999997 0.46215624999999994 0.028765625 0.072265625
0 0.806640625 0.223875 0.026921875 0.043859375
0 0.093203125 0.036078125 0.03390625 0.026921875
0 0.551765625 0.45923437500000003 0.025859375 0.072078125
0 0.39696875 0.4609375 0.030109375 0.0679375
0 0.4296875 0.46020312499999994 0.0280625 0.06867187500000001
0 0.339109375 0.4609375 0.0315625 0.067328125
0 0.718265625 0.135015625 0.024234375 0.054296875
0 0.11065624999999998 0.011640625 0.036828125 0.022109375
0 0.618171875 0.279046875 0.0255625 0.06021875
0 0.09125 0.461921875 0.0416875 0.06085937500000001
0 0.58740625 0.3986875 0.025078125 0.05440625
0 0.020640625000000003 0.301515625 0.031734374999999995 0.046484375
0 0.73046875 0.27759375 0.025421875 0.058562499999999997
0 0.55371875 0.395265625 0.025374999999999998 0.06029687500000001
0 0.76171875 0.27709375 0.02590625 0.059328124999999995
0 0.645015625 0.27759375 0.023421875 0.0571875
0 0.295171875 0.460453125 0.035546875 0.069515625
0 0.7944375 0.1326875 0.02328125 0.049312499999999995
0 0.367671875 0.4585 0.032046875 0.068421875
0 0.49609375 0.397703125 0.026859375 0.056546874999999996
0 0.465328125 0.39746875 0.027484375 0.054593749999999996
0 0.778328125 0.22570312499999998 0.0249375 0.043453124999999995
0 0.523921875 0.39721875 0.02640625 0.058015625
0 0.588375 0.284671875 0.023078124999999998 0.052125
0 0.7841875 0.08478125 0.023859375 0.04184375
0 0.673828125 0.28125 0.022765625 0.05645312500000001
0 0.796875 0.02084375 0.022078125 0.041625
0 0.774421875 0.02271875 0.02225 0.04321875
0 0.7685625 0.13646875 0.025078125 0.050421875000000005
0 0.750984375 0.0263125 0.02215625 0.038328125000000005
0 0.727046875 0.024234375 0.02178125 0.04271875
0 0.3100625 0.39575 0.031203124999999998 0.05292187499999999
0 0.7524375 0.228265625 0.0235625 0.043859375
0 0.017374999999999998 0.461921875 0.034703125 0.068296875
0 0.40942187499999994 0.401375 0.02865625 0.054296875
0 0.697265625 0.22742187500000002 0.02521875 0.049046875000000004
0 0.684078125 0.0260625 0.020640625000000003 0.04559375
0 0.72559375 0.228875 0.025 0.047
0 0.705078125 0.02521875 0.02025 0.0454375
0 0.56153125 0.2841875 0.02284375 0.0548125
0 0.262703125 0.463875 0.03634375 0.06982812499999999
0 0.689453125 0.0965625 0.022468750000000003 0.04525
0 0.5078125 0.286140625 0.023859375 0.051171875
0 0.76171875 0.092828125 0.0225 0.038109375
0 0.64209375 0.228875 0.023734375 0.04271875
0 0.61865625 0.2319375 0.0231875 0.04428125
0 0.379640625 0.40356249999999994 0.030109375 0.053015625
0 0.7421875 0.13428125 0.021203125 0.048953125
0 0.353765625 0.397953125 0.031671875 0.054203125
0 0.564453125 0.22937500000000002 0.02284375 0.04959375
0 0.644046875 0.13770312499999998 0.022078125 0.051359375
0 0.9262656249999999 0.351078125 0.031984374999999995 0.0496875
0 0.734859375 0.094671875 0.022890625 0.0365625
0 0.67040625 0.22351562500000002 0.023734375 0.04840625
0 0.47925000000000006 0.2890625 0.025124999999999998 0.05014062500000001
0 0.017249999999999998 0.04459375 0.03396875 0.041375
0 0.712890625 0.0886875 0.020140625000000002 0.034421875000000005
0 0.20434375 0.4609375 0.038453125 0.072265625
0 0.06634375 0.458015625 0.041078125 0.072625
0 0.04178125 0.25415625 0.031375 0.04459375
0 0.22156250000000002 0.401859375 0.037203125 0.05242187499999999
0 0.263671875 0.285640625 0.028328125 0.060421875
0 0.66796875 0.138671875 0.0196875 0.04690625
0 0.039953125 0.45923437500000003 0.04009375 0.07409375
0 0.60840625 0.060515624999999997 0.0403125 0.031140624999999998
0 0.12365625 0.460453125 0.0406875 0.065859375
0 0.664546875 0.099484375 0.021359375 0.043453124999999995
0 0.796390625 0.60303125 0.029593750000000002 0.02475
0 0.529296875 0.278078125 0.022078125 0.059421875
0 0.3671875 0.14953125 0.02225 0.051359375
0 0.09771875 0.1588125 0.03228125 0.052125
0 0.434578125 0.11164062500000001 0.021703125 0.0350625
0 0.26075 0.151 0.0268125 0.04453125
0 0.151 0.4585 0.0376875 0.0704375
0 0.23278125 0.45946875 0.037390625 0.07079687500000001
0 0.179078125 0.45873437499999997 0.037593749999999995 0.07195312499999999
0 0.07653125 0.072078125 0.03234375 0.03409375
0 0.9609375 0.9575156249999999 0.0678125 0.08301562500000001
0 0.020296875 0.3981875 0.03403125 0.05234375
0 0.860359375 0.0100625 0.02640625 0.0199375
0 0.8706093750000001 0.604984375 0.029031249999999998 0.025374999999999998
0 0.7578125 0.602546875 0.03259375 0.031375
0 0.236046875 0.29203125 0.0265625 0.062390625
0 0.376703125 0.289421875 0.0228125 0.055781250000000004
0 0.428046875 0.28650000000000003 0.02471875 0.058328124999999995
0 0.38796875000000003 0.241859375 0.02134375 0.043437500000000004
0 0.169109375 0.39934375 0.028921875000000003 0.046953125
0 0.039171875 0.39709374999999997 0.0283125 0.048125
0 0.06384375 0.39849999999999997 0.03509375 0.04653125
0 0.090609375 0.39853125 0.03375 0.047109374999999995
0 0.11381250000000001 0.40242187500000004 0.041203125 0.05437499999999999
0 0.140171875 0.40128125 0.028046875 0.049234375000000004
0 0.15665625 0.23739062500000002 0.030875000000000003 0.039921875
0 0.0880625 0.24714062499999997 0.02890625 0.03703125
0 0.32442187499999997 0.153046875 0.023015625 0.03934375
0 0.21400000000000002 0.1549375 0.023890625 0.037343749999999995
0 0.546375 0.143109375 0.022828124999999998 0.047093750000000004
0 0.436140625 0.39896875 0.02296875 0.05242187499999999
0 0.2761875 0.39904687499999997 0.023328124999999998 0.058359375000000005
0 0.24909374999999997 0.396890625 0.026671875 0.061250000000000006
0 0.11656249999999999 0.291453125 0.02515625 0.055234375
0 0.24809375 0.23757812500000003 0.026328125 0.042562499999999996
0 0.270671875 0.11084374999999999 0.028578125 0.037125000000000005
0 0.3021875 0.15028125 0.02090625 0.0445625
0 0.473234375 0.150234375 0.022171875 0.04090625
0 0.49509375 0.150890625 0.023140625 0.04096875
0 0.5219375 0.145984375 0.02296875 0.04928125
0 0.5024375 0.109109375 0.02578125 0.04228125
0 0.48060937499999995 0.10918749999999999 0.022484375 0.038125
0 0.595609375 0.1409375 0.02753125 0.052593749999999995
0 0.57175 0.1409375 0.02165625 0.05028125
0 0.640421875 0.09834375 0.027765625 0.036625000000000005
0 0.66175 0.031156250000000003 0.025718750000000002 0.03925
0 0.397484375 0.044625 0.020609375 0.038859375
0 0.296296875 0.048343750000000005 0.020140625000000002 0.040453125
0 0.23903124999999997 0.05425 0.024796875 0.039781250000000004
0 0.18140625 0.059078125 0.020828125 0.041234375000000004
0 0.143671875 0.062343749999999996 0.022265625 0.04121875
0 0.22853125 0.11699999999999999 0.029984375 0.039281250000000004
0 0.37725 0.11373437500000001 0.023078124999999998 0.039296874999999995
0 0.33381249999999996 0.1149375 0.026203125 0.033515625
0 0.130125 0.162484375 0.024609375 0.045156249999999995
0 0.152515625 0.16218749999999998 0.0203125 0.046203125
0 0.40484375000000006 0.1539375 0.022625 0.04934375
0 0.34640624999999997 0.23996875 0.02684375 0.044687500000000005
0 0.297875 0.23728125000000003 0.026296874999999997 0.05240625
0 0.34228125 0.290625 0.03003125 0.05600000000000001