0 0.711921875 0.4609375 0.029703125000000004 0.07434375
0 0.64990625 0.45824999999999994 0.026265624999999997 0.071046875
0 0.340328125 0.46068749999999997 0.031734374999999995 0.06928125
0 0.679203125 0.461921875 0.02784375 0.0755625
0 0.70946875 0.3986875 0.027640625000000002 0.0614375
0 0.588875 0.283203125 0.024140625 0.051359375
0 0.8168906249999999 0.272953125 0.030859375 0.060765625000000004
0 0.532234375 0.034937499999999996 0.0196875 0.04153125
0 0.72803125 0.63134375 0.0315 0.08228125
0 0.583015625 0.45923437500000003 0.027218750000000003 0.07453125000000001
0 0.79053125 0.2731875 0.029140624999999996 0.06021875
0 0.77978125 0.46240625 0.031984374999999995 0.065
0 0.4296875 0.46020312499999994 0.028484375 0.0676875
0 0.74365625 0.46215624999999994 0.0313125 0.07434375
0 0.701171875 0.2731875 0.024140625 0.062109375
0 0.45824999999999994 0.46167187500000006 0.029875000000000002 0.07409375
0 0.673828125 0.283203125 0.0241875 0.055296875
0 0.543953125 0.630859375 0.029484375 0.07396875
0 0.761234375 0.27709375 0.026359375 0.057499999999999996
0 0.8374062500000001 0.634765625 0.040375 0.093875
0 0.762703125 0.630859375 0.036828125 0.084171875
0 0.12598437499999998 0.6171875 0.034234375 0.083734375
0 0.551265625 0.45923437500000003 0.025468750000000002 0.0703125
0 0.61865625 0.279296875 0.0245625 0.059421875
0 0.773921875 0.021875 0.021484375 0.04375
0 0.250484375 0.241453125 0.027328124999999998 0.04534375
0 0.57715625 0.62890625 0.029875000000000002 0.072625
0 0.336671875 0.625 0.035484375 0.06915625
0 0.65528125 0.6279375 0.032046875 0.0805
0 0.52196875 0.457515625 0.02759375 0.075015625
0 0.508296875 0.285640625 0.024281249999999997 0.05071875
0 0.8188437499999999 0.46362500000000006 0.03528125 0.067078125
0 0.47559375 0.62890625 0.03371875 0.06878125
0 0.644046875 0.137203125 0.022671875 0.05225
0 0.6171875 0.401375 0.025671875 0.058015625
0 0.40454687500000003 0.625984375 0.03359375 0.0754375
0 0.7944375 0.13184374999999998 0.02225 0.052828125000000004
0 0.7998125 0.632328125 0.03671875 0.091375
0 0.6904375 0.629890625 0.031734374999999995 0.080203125
0 0.46606249999999994 0.39990625 0.027796875 0.05632812499999999
0 0.7685625 0.135375 0.02615625 0.05059375000000001
0 0.256109375 0.62403125 0.0390625 0.07275000000000001
0 0.29540625 0.46020312499999994 0.033203125 0.066953125
0 0.77196875 0.40112500000000006 0.030625000000000003 0.061640625000000004
0 0.750984375 0.0249375 0.022375 0.040531250000000005
0 0.7788125 0.2265625 0.026546874999999998 0.04434375
0 0.302484375 0.62353125 0.03775 0.07159375
0 0.619140625 0.13965624999999998 0.020171875 0.0479375
0 0.718265625 0.135859375 0.02475 0.052125
0 0.26075 0.151859375 0.025625 0.042171875
0 0.44115624999999997 0.626953125 0.03390625 0.07781249999999999
0 0.79590625 0.020765625 0.022375 0.04153125
0 0.85546875 0.46778125 0.0376875 0.068421875
0 0.81640625 0.0205625 0.024890625 0.039640625
0 0.49071875 0.461921875 0.028875 0.07079687500000001
0 0.531734375 0.28003125 0.023375 0.056859375000000004
0 0.512203125 0.0403125 0.019453124999999998 0.038390625
0 0.588375 0.39990625 0.026265624999999997 0.0570625
0 0.42846875000000006 0.2836875 0.024796875 0.058140625
0 0.3774375 0.288578125 0.02865625 0.056125
0 0.2631875 0.462890625 0.036015625 0.07275000000000001
0 0.595703125 0.13928125 0.021625 0.047234375
0 0.61475 0.62646875 0.0315625 0.0809375
0 0.48071875000000003 0.289796875 0.0270625 0.048859375
0 0.250984375 0.11737500000000001 0.02109375 0.039703125
0 0.7295 0.727546875 0.037046875 0.09125
0 0.47435937499999997 0.151 0.022328124999999997 0.041234375000000004
0 0.366703125 0.45703125 0.032046875 0.0703125
0 0.8793906249999999 0.63915625 0.042875 0.08740624999999999
0 0.15734375 0.619140625 0.044 0.085265625
0 0.590828125 0.232671875 0.023953125 0.04978125
0 0.524421875 0.40234375 0.028171875000000002 0.05632812499999999
0 0.454109375 0.286859375 0.025468750000000002 0.054593749999999996
0 0.434578125 0.11376562500000001 0.022328124999999997 0.038609375
0 0.23937499999999998 0.287359375 0.030734375 0.05632812499999999
0 0.22168749999999998 0.624515625 0.037593749999999995 0.0731875
0 0.373296875 0.612796875 0.0314375 0.07585937499999999
0 0.341796875 0.286859375 0.029249999999999998 0.055609375
0 0.035828125 0.61475 0.042171875 0.073546875
0 0.753421875 0.22717187499999997 0.02475 0.044765624999999996
0 0.743171875 0.13574999999999998 0.024421875000000003 0.048859375
0 0.325921875 0.153203125 0.024703125 0.040828125
0 0.43628125000000006 0.401375 0.026765624999999998 0.05440625
0 0.726078125 0.228875 0.025796875000000004 0.048859375
0 0.1903125 0.61621875 0.03934375 0.080203125
0 0.49634375000000003 0.15209375 0.022578124999999998 0.043859375
0 0.3098125 0.295171875 0.0305625 0.055421874999999995
0 0.705078125 0.02434375 0.019125 0.045109375
0 0.30053125 0.723640625 0.0390625 0.07934375
0 0.449703125 0.040984375 0.0206875 0.041375
0 0.164921875 0.93653125 0.04921875 0.081671875
0 0.43334374999999997 0.016984375 0.01984375 0.033265625
0 0.286859375 0.288578125 0.028484375 0.05571875
0 0.5961875 0.030921874999999998 0.01953125 0.044671875
0 0.538578125 0.2366875 0.024703125 0.047796875
0 0.030671874999999998 0.72265625 0.046109375 0.0989375
0 0.47435937499999997 0.016375 0.020140625000000002 0.032765625
0 0.452640625 0.146484375 0.021484375 0.046484375
0 0.689453125 0.09875 0.023078124999999998 0.047
0 0.640625 0.028765625 0.018296875 0.042640625
0 0.41309375 0.24132812499999998 0.026609375 0.047421875
0 0.294671875 0.047234375 0.01665625 0.037203125
0 0.275875 0.237546875 0.027218750000000003 0.0546875
0 0.546875 0.1431875 0.021453125 0.044671875
0 0.554203125 0.396234375 0.025718750000000002 0.06396874999999999
0 0.52246875 0.145625 0.02165625 0.04559375
0 0.68359375 0.024140625 0.020421875 0.043765625
0 0.4091875 0.40307812500000006 0.028765625 0.055515625
0 0.619140625 0.029078125 0.019984375 0.04409375
0 0.575203125 0.031203124999999998 0.018640625 0.043859375
0 0.06804687499999999 0.614265625 0.0456875 0.083125
0 0.414546875 0.117796875 0.02484375 0.040375
0 0.973640625 0.541015625 0.03790625 0.07409375
0 0.348640625 0.151609375 0.025078125 0.04428125
0 0.20789062500000002 0.461921875 0.037109375 0.073546875
0 0.985328125 0.628421875 0.029328125 0.08251562500000001
0 0.061640625000000004 0.727046875 0.055109375 0.10107812499999999
0 0.555171875 0.027109375 0.019125 0.047421875
0 0.160515625 0.24206249999999999 0.029249999999999998 0.043953124999999996
0 0.69775 0.22717187499999997 0.0255625 0.04459375
0 0.18896875 0.287359375 0.0304375 0.0571875
0 0.2631875 0.727546875 0.0456875 0.10015624999999999
0 0.0675625 0.24695312500000002 0.033265625 0.0391875
0 0.512203125 0.73340625 0.03390625 0.093875
0 0.30884375 0.39990625 0.0304375 0.06021875
0 0.73828125 0.395015625 0.026921875 0.062109375
0 0.48607812499999997 0.23559375 0.025328125 0.051937500000000004
0 0.12445312500000001 0.45971875000000006 0.04025 0.06476562500000001
0 0.043359375 0.122015625 0.029546875 0.030625000000000003
0 0.38184375 0.40160937499999994 0.026203125 0.05965625
0 0.21154687499999997 0.923828125 0.0496875 0.10265625
0 0.049312499999999995 0.292234375 0.030671874999999998 0.05571875
0 0.9409218750000001 0.4038125 0.036078125 0.0546875
0 0.671390625 0.234015625 0.0263125 0.043453124999999995
0 0.594234375 0.10124999999999999 0.019234375 0.046015625
0 0.45776562500000006 0.11754687500000001 0.025468750000000002 0.039484375
0 0.06903125 0.45873437499999997 0.04146875 0.07146875
0 0.039703125 0.4609375 0.03746875 0.07134375
0 0.042812499999999996 0.25415625 0.031984374999999995 0.043765625
0 0.735359375 0.097234375 0.02328125 0.036984375
0 0.150640625 0.4585 0.038109375 0.071234375
0 0.322015625 0.24401562499999999 0.029312500000000002 0.05242187499999999
0 0.274421875 0.40234375 0.034609375 0.058140625
0 0.640625 0.10175000000000001 0.02203125 0.04009375
0 0.07275000000000001 0.293453125 0.03534375 0.0533125
0 0.202875 0.244140625 0.032890625 0.046203125
0 0.25390625 0.40503125000000006 0.032109375 0.06384375
0 0.13440625 0.244140625 0.032718750000000005 0.0416875
0 0.77978125 0.739265625 0.04525 0.094
0 0.46240625 0.23498437499999997 0.023078124999999998 0.04821875
0 0.253171875 0.9389687500000001 0.050046875000000005 0.089484375
0 0.841796875 0.01840625 0.02590625 0.03615625
0 0.703609375 0.958015625 0.033265625 0.07860937500000001
0 0.258796875 0.050234375 0.020499999999999997 0.037593749999999995
0 0.9545937500000001 0.458984375 0.034234375 0.051671875
0 0.84375 0.403328125 0.032109375 0.0625625
0 0.43579687500000003 0.238765625 0.02590625 0.043703124999999995
0 0.348875 0.2445 0.030046875 0.04428125
0 0.097046875 0.15990625 0.031375 0.05059375000000001
0 0.39696875 0.046718749999999996 0.020796875 0.041375
0 0.10992187499999999 0.011109375000000001 0.03621875 0.021578125
0 0.139890625 0.2890625 0.03378125 0.05603125
0 0.181515625 0.2421875 0.0305625 0.044437500000000005
0 0.54834375 0.102296875 0.021156249999999998 0.04296875
0 0.19640625 0.405765625 0.036078125 0.0546875
0 0.5415 0.954109375 0.028546875 0.081234375
0 0.869140625 0.25025 0.03384375 0.05571875
0 0.75634375 0.9516562499999999 0.034296875 0.093203125
0 0.013218750000000001 0.615234375 0.026000000000000002 0.077515625
0 0.11737500000000001 0.291265625 0.030953124999999998 0.055515625
0 0.40014062499999997 0.958015625 0.044921875 0.075015625
0 0.761234375 0.093015625 0.02215625 0.038703125
0 0.1171875 0.40404687499999997 0.035953125 0.058140625
0 0.713375 0.090578125 0.021015625 0.038328125000000005
0 0.0935 0.03615625 0.03278125 0.025328125
0 0.016171875 0.40478125 0.032328125 0.055515625
0 0.1224375 0.9233437500000001 0.047234375 0.08728125
0 0.146125 0.40307812500000006 0.034609375 0.055609375
0 0.168453125 0.40404687499999997 0.034937499999999996 0.053093749999999995
0 0.011296875000000001 0.718265625 0.022421875 0.086796875
0 0.03240625 0.138671875 0.034187499999999996 0.02753125
0 0.041375 0.403328125 0.036078125 0.0548125
0 0.822265625 0.328375 0.04840625 0.04428125
0 0.900390625 0.736328125 0.069953125 0.06384375
0 0.08959375 0.401859375 0.035609375 0.0570625
0 0.9252968750000001 0.8539999999999999 0.079890625 0.078796875
0 0.021124999999999998 0.17309375 0.028218749999999997 0.038328125000000005
0 0.211421875 0.022796875 0.030921874999999998 0.027375
0 0.500984375 0.955078125 0.039546874999999995 0.083859375
0 0.01209375 0.0546875 0.0205625 0.023765625000000002
0 0.5756875 0.333984375 0.051671875 0.043453124999999995
0 0.923828125 0.345703125 0.035546875 0.054109375
0 0.025046875000000003 0.03796875 0.02059375 0.027640625000000002
0 0.8237343750000001 0.399421875 0.0189375 0.048859375
0 0.12971875 0.161390625 0.016 0.0476875
0 0.150078125 0.160671875 0.019640625000000002 0.045328125000000004
0 0.17278125 0.15948437499999998 0.021593750000000002 0.04475
0 0.19490625 0.15723437499999998 0.02059375 0.050234375
0 0.21496875000000001 0.159546875 0.01978125 0.04271875
0 0.23759375 0.157 0.02009375 0.037125000000000005
0 0.13003125 0.12245312500000001 0.025078125 0.04034375
0 0.149125 0.122140625 0.01621875 0.03403125
0 0.16828125 0.122234375 0.01575 0.031656250000000004
0 0.188328125 0.11885937499999999 0.025765624999999997 0.038828125000000005
0 0.2106875 0.11985937499999999 0.024421875000000003 0.036703124999999996
0 0.107671875 0.12628124999999998 0.022890625 0.04196875
0 0.27065625 0.1150625 0.02853125 0.045265625
0 0.29309375000000004 0.1154375 0.018921874999999998 0.033609375000000004
0 0.28140624999999997 0.152453125 0.012750000000000001 0.05046874999999999
0 0.31175 0.12034375 0.01971875 0.047234375
0 0.334484375 0.117578125 0.02096875 0.040749999999999995
0 0.35571875 0.11978124999999999 0.016625 0.04134375
0 0.377375 0.12103124999999999 0.01809375 0.049562499999999995
0 0.481921875 0.11364062500000001 0.017687500000000002 0.044328125
0 0.52215625 0.103359375 0.017390625 0.042203125
0 0.5708593750000001 0.1044375 0.014249999999999999 0.045421875
0 0.143875 0.063421875 0.018437500000000002 0.044546875
0 0.16265625 0.05903125 0.018171875 0.03575
0 0.18040625 0.059078125 0.0166875 0.038046875
0 0.199 0.059421875 0.017921875 0.042015625
0 0.217296875 0.05659375 0.0208125 0.040765625
0 0.1775625 0.028109375 0.020203125 0.03096875
0 0.153640625 0.03053125 0.017546875 0.033609375000000004
0 0.058671875 0.09171875 0.031640625 0.030453124999999998
0 0.0670625 0.07731249999999999 0.036484375 0.027671875000000002
0 0.078625 0.062890625 0.0303125 0.024890625
0 0.05292187499999999 0.106484375 0.029890624999999997 0.027453125000000002