0 0.5075624999999999 0.623515625 0.0394375 0.083828125
0 0.438484375 0.623046875 0.034765625 0.085390625
0 0.33496875 0.619140625 0.03528125 0.074765625
0 0.219 0.61865625 0.039281250000000004 0.074890625
0 0.512203125 0.23315625 0.025171875 0.047093750000000004
0 0.2998125 0.62109375 0.037203125 0.0753125
0 0.2529375 0.620609375 0.03896875 0.07409375
0 0.064640625 0.608890625 0.045203125 0.08465625
0 0.513671875 0.380375 0.026765624999999998 0.065609375
0 0.370125 0.614265625 0.03259375 0.07665625000000001
0 0.2578125 0.73046875 0.0454375 0.09771875
0 0.43603125 0.39965625 0.026453125 0.054203125
0 0.176390625 0.458015625 0.03796875 0.0678125
0 0.613765625 0.45532812500000003 0.026921875 0.0753125
0 0.817390625 0.019296874999999998 0.023234374999999998 0.0364375
0 0.187984375 0.61571875 0.042015625 0.0780625
0 0.3464375 0.240484375 0.029640624999999997 0.047
0 0.664546875 0.097234375 0.02096875 0.0416875
0 0.8745156250000001 0.63671875 0.038390625 0.07860937500000001
0 0.2841875 0.286625 0.028171875000000002 0.05571875
0 0.234625 0.45873437499999997 0.03753125 0.06671875000000001
0 0.337890625 0.45971875000000006 0.032046875 0.066953125
0 0.388921875 0.2370625 0.025953125 0.048765625
0 0.8188437499999999 0.271484375 0.027687499999999997 0.05834375000000001
0 0.671390625 0.226078125 0.0268125 0.056765625
0 0.276375 0.400875 0.03278125 0.063359375
0 0.293703125 0.460453125 0.031921875 0.065859375
0 0.35059375 0.398921875 0.032234374999999996 0.059750000000000004
0 0.25146875 0.40064062500000003 0.03384375 0.06231250000000001
0 0.54590625 0.139765625 0.02153125 0.047421875
0 0.091734375 0.61475 0.04525 0.064390625
0 0.23156249999999998 0.29540625 0.031078125 0.061765625000000005
0 0.19421875 0.512203125 0.052609375 0.045953125
0 0.633296875 0.053093749999999995 0.043765625 0.032890625
0 0.61621875 0.10089062499999998 0.020015625000000002 0.039484375
0 0.59375 0.1380625 0.021359375 0.048671874999999996
0 0.373296875 0.286859375 0.024890625 0.053890625000000004
0 0.683109375 0.02253125 0.02215625 0.042578125
0 0.0365625 0.46020312499999994 0.03934375 0.0674375
0 0.903328125 0.735359375 0.068171875 0.061640625000000004
0 0.400390625 0.286140625 0.023140625 0.051546875000000006
0 0.57421875 0.02975 0.018828125 0.041140625
0 0.12176562500000002 0.458984375 0.03875 0.06659375
0 0.47290625000000003 0.1485625 0.02284375 0.04025
0 0.495609375 0.14953125 0.0229375 0.043453124999999995
0 0.193484375 0.403328125 0.0364375 0.056640625
0 0.06348437500000001 0.45728125000000003 0.0378125 0.06804687499999999
0 0.570796875 0.10124999999999999 0.02009375 0.045203125
0 0.01953125 0.29565625 0.035953125 0.0546875
0 0.2211875 0.40259375000000003 0.03403125 0.054203125
0 0.501953125 0.107421875 0.022765625 0.042875
0 0.306390625 0.401859375 0.029375000000000002 0.060765625000000004
0 0.42895312499999994 0.146 0.02303125 0.046625
0 0.092046875 0.458015625 0.042015625 0.0679375
0 0.015578125000000002 0.403328125 0.031140624999999998 0.054593749999999996
0 0.14160937499999998 0.401375 0.03753125 0.051359375
0 0.012828125000000001 0.611328125 0.02521875 0.064640625
0 0.523921875 0.10578125000000001 0.019203124999999998 0.04046875
0 0.11200000000000002 0.40209374999999997 0.03790625 0.052703124999999997
0 0.16528125 0.40112500000000006 0.0390625 0.053093749999999995
0 0.060421875 0.39965625 0.037390625 0.054296875
0 0.40307812500000006 0.1481875 0.021703125 0.04428125
0 0.012125 0.461421875 0.02425 0.063046875
0 0.20812499999999998 0.2888125 0.03365625 0.056546874999999996
0 0.088984375 0.39746875 0.035546875 0.05571875
0 0.18457812499999998 0.287359375 0.033203125 0.055421874999999995
0 0.4585 0.10778125000000001 0.021859375 0.043765625
0 0.0678125 0.29053125 0.03359375 0.05292187499999999
0 0.161859375 0.287109375 0.032109375 0.05371875
0 0.010890625 0.715828125 0.021796875 0.076421875
0 0.41309375 0.11200000000000002 0.023703125 0.037109375
0 0.728515625 0.726078125 0.031734374999999995 0.089109375
0 0.044765624999999996 0.292234375 0.03259375 0.051265625
0 0.11474999999999999 0.289546875 0.029640624999999997 0.05109375000000001
0 0.36621875 0.147703125 0.02328125 0.0479375
0 0.135859375 0.28784375 0.03259375 0.053015625
0 0.434078125 0.109125 0.02253125 0.038703125
0 0.01584375 0.160640625 0.030796875 0.035484375
0 0.045953125 0.136359375 0.0391875 0.029875000000000002
0 0.9311562500000001 0.8569375000000001 0.081234375 0.061984375
0 0.08978125 0.16271875 0.027218750000000003 0.043359375
0 0.2998125 0.14953125 0.02253125 0.04328125
0 0.32178125 0.15003125 0.024656249999999998 0.04184375
0 0.041140625 0.24890625000000002 0.03396875 0.0365
0 0.558109375 0.009375 0.017296875 0.018640625
0 0.257328125 0.1481875 0.028875 0.046546875
0 0.046109375 0.1045 0.03378125 0.028546875
0 0.199828125 0.240484375 0.03528125 0.043453124999999995
0 0.06231250000000001 0.24939062500000003 0.03396875 0.039796874999999995
0 0.179203125 0.240234375 0.031796875 0.040921875
0 0.53125 0.0315 0.019609375000000002 0.04046875
0 0.290765625 0.11395312500000002 0.027171875 0.03803125
0 0.3464375 0.1481875 0.023140625 0.04559375
0 0.42821875 0.041328125 0.019171874999999998 0.03746875
0 0.3545 0.11395312500000002 0.024140625 0.034609375
0 0.21253125 0.152703125 0.027734375 0.041625
0 0.23596875 0.14746874999999998 0.027734375 0.045203125
0 0.595703125 0.007828125 0.017640625 0.015640625
0 0.12890625 0.1586875 0.027687499999999997 0.042328125
0 0.37525 0.042234375000000005 0.021359375 0.03896875
0 0.106328125 0.162234375 0.027328124999999998 0.040984375
0 0.103765625 0.12475 0.025078125 0.0378125
0 0.24903124999999998 0.11376562500000001 0.02475 0.039125
0 0.156859375 0.238765625 0.02759375 0.039125
0 0.130375 0.24206249999999999 0.032953125 0.042015625
0 0.108765625 0.008546874999999999 0.032468750000000005 0.01640625
0 0.43653125 0.072515625 0.03390625 0.028437499999999998
0 0.617671875 0.008375 0.0174375 0.016468749999999997
0 0.574703125 0.009343750000000001 0.016593749999999997 0.018609375
0 0.375734375 0.115359375 0.021859375 0.038328125000000005
0 0.51075 0.033078125 0.018296875 0.03896875
0 0.096859375 0.019609375000000002 0.02975 0.02665625
0 0.192140625 0.151484375 0.02759375 0.044
0 0.333015625 0.115359375 0.022890625 0.034703125
0 0.492671875 0.010453125 0.01678125 0.020765625
0 0.46996874999999994 0.03678125 0.0190625 0.03896875
0 0.48975 0.0364375 0.018578125 0.0378125
0 0.169796875 0.154546875 0.026546874999999998 0.04409375
0 0.23815624999999999 0.050812500000000003 0.024234375 0.034937499999999996
0 0.44751562500000003 0.038546875 0.0200625 0.03875
0 0.140875 0.058984375 0.023859375 0.03409375
0 0.087703125 0.248046875 0.03125 0.0406875
0 0.125359375 0.124875 0.030109375 0.032890625
0 0.11101562499999999 0.24670312499999997 0.031375 0.04009375
0 0.271 0.10821875 0.027218750000000003 0.036890624999999996
0 0.284421875 0.015359375 0.02390625 0.028937499999999998
0 0.20703125 0.11932812500000001 0.027437499999999997 0.034484375
0 0.1484375 0.157953125 0.02784375 0.041234375000000004
0 0.3125 0.11376562500000001 0.02284375 0.038546875
0 0.43189062500000003 0.0120625 0.018515625 0.024125
0 0.1796875 0.0546875 0.02215625 0.036890624999999996
0 0.010171875 0.19239062499999998 0.020171875 0.034234375
0 0.15478125 0.02784375 0.0260625 0.026265624999999997
0 0.27465625 0.046296875 0.023421875 0.0364375
0 0.33471875 0.044859375 0.021328125 0.036078125
0 0.073546875 0.05759375 0.0305625 0.035546875
0 0.216546875 0.05014062500000001 0.024 0.036984375
0 0.402828125 0.012921875 0.017578125 0.025328125
0 0.2265625 0.119390625 0.028968749999999998 0.035546875
0 0.68359375 0.005859375 0.019203124999999998 0.0115
0 0.059328124999999995 0.08740624999999999 0.03409375 0.030671874999999998
0 0.3410625 0.0136875 0.02271875 0.027265624999999998
0 0.143796875 0.12335937500000001 0.031671875 0.0350625
0 0.5131875 0.009890625 0.017984375 0.01978125
0 0.533203125 0.01103125 0.018296875 0.0219375
0 0.35546875 0.042812499999999996 0.020421875 0.036625000000000005
0 0.396 0.039281250000000004 0.021484375 0.041625
0 0.185796875 0.117984375 0.026203125 0.036625000000000005
0 0.724125 0.00540625 0.018687500000000003 0.010562499999999999
0 0.22509375 0.021578125 0.026609375 0.026968750000000003
0 0.63915625 0.007375 0.01640625 0.014734375
0 0.315 0.044625 0.01840625 0.0386875
0 0.29409375 0.04509375 0.01965625 0.042125
0 0.302984375 0.012015625 0.014359374999999999 0.02403125
0 0.31890625 0.012796875 0.01996875 0.02559375
0 0.36025 0.011859375 0.017781250000000002 0.02371875
0 0.38068749999999996 0.011703125 0.015609375 0.02340625
0 0.248234375 0.0198125 0.01903125 0.028390625000000003
0 0.2536875 0.0474375 0.01621875 0.034953125
0 0.266171875 0.01653125 0.015609375 0.02371875
0 0.196578125 0.054296875 0.01934375 0.036828125
0 0.21031249999999999 0.020749999999999998 0.021843750000000002 0.029640624999999997
0 0.1905 0.02403125 0.01903125 0.027453125000000002
0 0.17396875 0.025281249999999998 0.02215625 0.02496875
0 0.158203125 0.057109375 0.01934375 0.0380625
0 0.163828125 0.11795312499999999 0.021843750000000002 0.0386875
0 0.042749999999999996 0.12278125 0.0374375 0.026515624999999998
0 0.08346875000000001 0.044937500000000005 0.035890624999999995 0.02309375
0 0.06803125 0.070984375 0.036203125 0.015296874999999998
0 0.917390625 0.792578125 0.083796875 0.06596874999999999
0 0.450890625 0.009671875 0.01871875 0.019328124999999998
0 0.47264062500000004 0.009359375 0.021140625 0.01871875
0 0.661390625 0.0072499999999999995 0.01690625 0.014499999999999999
0 0.707296875 0.005734375 0.015703125000000002 0.01146875
0 0.76890625 0.00453125 0.02175 0.0090625
0 0.74896875 0.005140625 0.026578125 0.010265625
0 0.791546875 0.005140625 0.0199375 0.010265625