0 0.7788125 0.228265625 0.029593750000000002 0.051265625
0 0.614265625 0.399171875 0.027218750000000003 0.06348437500000001
0 0.41015625 0.4038125 0.029312500000000002 0.063109375
0 0.512703125 0.037593749999999995 0.019015625 0.039953125
0 0.664546875 0.094484375 0.020765625 0.046296875
0 0.58496875 0.4609375 0.026546874999999998 0.063046875
0 0.5546875 0.3986875 0.02434375 0.05965625
0 0.76171875 0.633296875 0.039546874999999995 0.09271875
0 0.469234375 0.040984375 0.0206875 0.041140625
0 0.67578125 0.39965625 0.02859375 0.0614375
0 0.30321875 0.15465625 0.025468750000000002 0.045203125
0 0.158453125 0.621578125 0.04009375 0.071046875
0 0.5835 0.40209374999999997 0.026546874999999998 0.05340625
0 0.162109375 0.290765625 0.0314375 0.053593749999999996
0 0.703125 0.275875 0.0249375 0.053593749999999996
0 0.772953125 0.3930625 0.031203124999999998 0.064515625
0 0.182734375 0.234375 0.0235625 0.04959375
0 0.8061562500000001 0.633296875 0.036984375 0.097046875
0 0.743171875 0.3986875 0.030328125 0.061312500000000006
0 0.6743125 0.27734375 0.023375 0.052515624999999996
0 0.338140625 0.11968749999999999 0.024 0.03615625
0 0.7163125 0.13915625 0.02225 0.04146875
0 0.594234375 0.1431875 0.021359375 0.040828125
0 0.524421875 0.40064062500000003 0.026000000000000002 0.05500000000000001
0 0.305671875 0.62109375 0.038546875 0.07653125
0 0.9404375 0.41553125 0.03746875 0.064875
0 0.8779375 0.634765625 0.0388125 0.08692187500000001
0 0.70946875 0.40112500000000006 0.029546875 0.060421875
0 0.766609375 0.13379687499999998 0.025515624999999997 0.05071875
0 0.559078125 0.283203125 0.026765624999999998 0.053093749999999995
0 0.040375 0.12598437499999998 0.041140625 0.029031249999999998
0 0.79590625 0.13903125 0.025796875000000004 0.052031249999999994
0 0.80859375 0.22521874999999997 0.026765624999999998 0.059875
0 0.554203125 0.45996875 0.0263125 0.067203125
0 0.619140625 0.629890625 0.0298125 0.08178125
0 0.37134375 0.15209375 0.023421875 0.044187500000000005
0 0.691890625 0.09601562500000001 0.02009375 0.044671875
0 0.1276875 0.620125 0.04178125 0.081234375
0 0.640625 0.03521875 0.020796875 0.03359375
0 0.77246875 0.02153125 0.02165625 0.0430625
0 0.5234375 0.45971875000000006 0.027015624999999998 0.07409375
0 0.895515625 0.392828125 0.043953124999999996 0.063046875
0 0.9252968750000001 0.35059375 0.029203125000000003 0.046109375
0 0.64453125 0.278078125 0.024390625 0.056125
0 0.739265625 0.095703125 0.022328124999999997 0.045015625
0 0.7055625 0.023703125 0.021015625 0.04296875
0 0.58984375 0.23181250000000003 0.02484375 0.051671875
0 0.387703125 0.24071875 0.027218750000000003 0.044765624999999996
0 0.692390625 0.1381875 0.021859375 0.04025
0 0.336921875 0.6274375 0.0364375 0.080625
0 0.297859375 0.46240625 0.033078125 0.06878125
0 0.508796875 0.283453125 0.025265625000000003 0.0614375
0 0.025078125 0.29809375 0.039703125 0.051359375
0 0.97559375 0.556640625 0.04553125 0.073421875
0 0.399171875 0.0483125 0.022109375 0.033078125
0 0.017374999999999998 0.6118125 0.034484375 0.085578125
0 0.15003125 0.46778125 0.041234375000000004 0.0676875
0 0.5444375 0.62646875 0.032234374999999996 0.075984375
0 0.42821875 0.46778125 0.0288125 0.064640625
0 0.3413125 0.46362500000000006 0.033390625 0.072078125
0 0.23376562500000003 0.460453125 0.034937499999999996 0.0675625
0 0.06928125 0.61621875 0.044921875 0.073296875
0 0.043125000000000004 0.406734375 0.038546875 0.05632812499999999
0 0.46240625 0.462890625 0.02759375 0.07396875
0 0.28271875 0.40404687499999997 0.03234375 0.06021875
0 0.4921875 0.4585 0.0280625 0.076109375
0 0.204828125 0.46167187500000006 0.0350625 0.07275000000000001
0 0.67040625 0.2263125 0.025374999999999998 0.04690625
0 0.481453125 0.10895312500000001 0.022984375 0.046109375
0 0.430171875 0.286625 0.0268125 0.055109375
0 0.37915625 0.28759375 0.02784375 0.05371875
0 0.369140625 0.018125 0.021328125 0.035953125
0 0.46654687499999997 0.39696875 0.02859375 0.064203125
0 0.172125 0.40650000000000003 0.037046875 0.055609375
0 0.11474999999999999 0.24340625 0.029140624999999996 0.052031249999999994
0 0.0701875 0.29540625 0.03259375 0.0548125
0 0.434578125 0.016921875 0.021046875 0.03359375
0 0.285890625 0.29271875 0.027796875 0.04921875
0 0.76171875 0.0935 0.023703125 0.035546875
0 0.193484375 0.61621875 0.041625 0.074765625
0 0.028375 0.72509375 0.048859375 0.097046875
0 0.259765625 0.290765625 0.027171875 0.05234375
0 0.8432656250000001 0.158203125 0.0231875 0.041625
0 0.22521874999999997 0.40234375 0.03534375 0.0558125
0 0.340328125 0.2915 0.029640624999999997 0.057796875000000004
0 0.094359375 0.2944375 0.029593750000000002 0.0496875
0 0.3413125 0.7295 0.038109375 0.097234375
0 0.400390625 0.156859375 0.030046875 0.0495
0 0.841796875 0.397953125 0.0313125 0.058015625
0 0.48315625000000006 0.28271875 0.025796875000000004 0.05728124999999999
0 0.35059375 0.40259375000000003 0.034421875000000005 0.059421875
0 0.726078125 0.02409375 0.019640625000000002 0.042328125
0 0.117796875 0.294671875 0.032234374999999996 0.04453125
0 0.18775 0.2890625 0.027953125000000002 0.052703124999999997
0 0.210578125 0.297609375 0.032468750000000005 0.04840625
0 0.253421875 0.40478125 0.03396875 0.055421874999999995
0 0.069953125 0.077390625 0.034546875 0.027328124999999998
0 0.413578125 0.24132812499999998 0.02475 0.04328125
0 0.288328125 0.02009375 0.020171875 0.034937499999999996
0 0.313234375 0.28809375 0.025671875 0.056546874999999996
0 0.76953125 0.32665625 0.04921875 0.042578125
0 0.226078125 0.238765625 0.02753125 0.050328125
0 0.11554687500000001 0.16565625 0.0280625 0.044765624999999996
0 0.46264062499999997 0.23975 0.025124999999999998 0.051000000000000004
0 0.093203125 0.037109375 0.03234375 0.026765624999999998
0 0.48853125000000003 0.23340624999999998 0.02284375 0.049953125
0 0.2160625 0.16028125 0.025078125 0.038453125
0 0.15209375 0.162109375 0.026203125 0.042015625
0 0.852546875 0.470703125 0.037109375 0.076296875
0 0.43920312499999997 0.23351562499999998 0.024656249999999998 0.055203125
0 0.20495312499999999 0.24365625 0.028437499999999998 0.043765625
0 0.29590625 0.05234375 0.018765625 0.034609375
0 0.525875 0.1851875 0.042578125 0.039421875
0 0.22949999999999998 0.12262500000000001 0.029031249999999998 0.039796874999999995
0 0.149171875 0.122125 0.027171875 0.052125
0 0.2944375 0.120125 0.02640625 0.040921875
0 0.55615625 0.011828125 0.019234375 0.0235625
0 0.01634375 0.17725 0.032171875 0.031859375
0 0.181640625 0.06153125 0.0229375 0.03409375
0 0.31615625 0.049953125 0.0235625 0.034296875
0 0.30615625 0.02009375 0.018609375 0.03353125
0 0.619625 0.009859375 0.017640625 0.01971875
0 0.27196875 0.12145312500000001 0.024390625 0.037109375
0 0.159796875 0.033078125 0.02484375 0.029921874999999997
0 0.356203125 0.055203125 0.023078124999999998 0.03678125
0 0.10687500000000001 0.0121875 0.035671875 0.023609375
0 0.640140625 0.009421875 0.0196875 0.01871875
0 0.239015625 0.16040625 0.028703125000000003 0.03875
0 0.173578125 0.161859375 0.029203125000000003 0.0376875
0 0.345703125 0.01771875 0.02203125 0.0350625
0 0.258546875 0.052703124999999997 0.02328125 0.037390625
0 0.327390625 0.018687500000000003 0.019984375 0.034703125
0 0.21276562499999999 0.0280625 0.02190625 0.03240625
0 0.23181250000000003 0.0235625 0.02446875 0.036984375
0 0.22204687500000003 0.057374999999999995 0.02409375 0.03253125
0 0.20434375 0.059546875 0.02190625 0.0315
0 0.11315625 0.1273125 0.027437499999999997 0.04153125
0 0.9296875 0.8813437499999999 0.081359375 0.066828125
0 0.9086874999999999 0.2893125 0.021578125 0.0260625
0 0.9155312500000001 0.80859375 0.073671875 0.061984375