0 0.472171875 0.621578125 0.029484375 0.07764062499999999
0 0.366703125 0.4585 0.030156250000000002 0.0674375
0 0.0936875 0.2915 0.038328125000000005 0.052828125000000004
0 0.48803124999999997 0.46362500000000006 0.025718750000000002 0.06982812499999999
0 0.12346874999999999 0.460453125 0.04015625 0.063234375
0 0.403328125 0.61865625 0.031921875 0.0834375
0 0.193109375 0.1586875 0.028765625 0.044
0 0.140875 0.288578125 0.033078125 0.055203125
0 0.10968750000000001 0.16309374999999998 0.029421874999999997 0.042078125
0 0.17346875 0.1585625 0.02615625 0.04271875
0 0.371828125 0.61328125 0.032468750000000005 0.07665625000000001
0 0.150640625 0.45971875000000006 0.03753125 0.0676875
0 0.18871875 0.619140625 0.036984375 0.07520312500000001
0 0.095890625 0.4609375 0.043859375 0.05965625
0 0.15137499999999998 0.16015625 0.027687499999999997 0.042484375000000005
0 0.519046875 0.45946875 0.027375 0.072875
0 0.357421875 0.04428125 0.021812500000000002 0.042578125
0 0.40014062499999997 0.45971875000000006 0.03240625 0.0730625
0 0.43871874999999994 0.62109375 0.031609375 0.084046875
0 0.30053125 0.62109375 0.036078125 0.07434375
0 0.08978125 0.24890625000000002 0.03540625 0.043765625
0 0.187859375 0.28809375 0.029703125000000004 0.0548125
0 0.336421875 0.619140625 0.034609375 0.0754375
0 0.42651562500000006 0.044187500000000005 0.019234375 0.036828125
0 0.254640625 0.620609375 0.039281250000000004 0.0753125
0 0.613765625 0.46020312499999994 0.026703125 0.072265625
0 0.2370625 0.2888125 0.030046875 0.053890625000000004
0 0.12273437499999999 0.615234375 0.0416875 0.0805
0 0.45703125 0.46118750000000003 0.0315625 0.074890625
0 0.74609375 0.46240625 0.028875 0.073546875
0 0.042640625 0.46264062499999997 0.042390625 0.064875
0 0.25634375 0.051546875000000006 0.020765625 0.03634375
0 0.294921875 0.460453125 0.033265625 0.06621875
0 0.2211875 0.619625 0.03796875 0.07520312500000001
0 0.465328125 0.39696875 0.02828125 0.055296875
0 0.50684375 0.622078125 0.029984375 0.085875
0 0.2058125 0.46314062500000003 0.03875 0.072625
0 0.27709375 0.050046875000000005 0.021359375 0.034875
0 0.448734375 0.043359375 0.019640625000000002 0.035734375
0 0.0700625 0.46314062500000003 0.039484375 0.058984375
0 0.5810625 0.4585 0.025859375 0.074640625
0 0.210578125 0.12073437499999999 0.027437499999999997 0.039953125
0 0.759765625 0.276859375 0.02346875 0.058437499999999996
0 0.177984375 0.45971875000000006 0.0388125 0.070921875
0 0.393796875 0.08039062500000001 0.022421875 0.0364375
0 0.54296875 0.62646875 0.029546875 0.08039062500000001
0 0.18078125 0.24523437499999998 0.03234375 0.041140625
0 0.15746875 0.618171875 0.04015625 0.08106250000000001
0 0.338375 0.46020312499999994 0.031375 0.06634375
0 0.41040625000000003 0.39721875 0.03021875 0.0570625
0 0.615234375 0.39721875 0.025671875 0.051546875000000006
0 0.13184374999999998 0.24621875000000001 0.034187499999999996 0.04328125
0 0.16309374999999998 0.05965625 0.02215625 0.03671875
0 0.3151875 0.04978125 0.0205625 0.032234374999999996
0 0.612796875 0.62353125 0.030375000000000003 0.078484375
0 0.034765625 0.609859375 0.043703124999999995 0.0700625
0 0.525390625 0.10821875 0.02059375 0.041078125
0 0.395015625 0.0485 0.021406249999999998 0.035828125
0 0.4140625 0.11737500000000001 0.023328124999999998 0.038328125000000005
0 0.29321875 0.117984375 0.0255625 0.036625000000000005
0 0.169671875 0.40234375 0.034609375 0.04921875
0 0.2631875 0.463375 0.034421875000000005 0.057921875
0 0.042328125 0.2529375 0.035546875 0.041234375000000004
0 0.323 0.2395 0.026546874999999998 0.04840625
0 0.648921875 0.458984375 0.024609375 0.06903125
0 0.700203125 0.275390625 0.023953125 0.058140625
0 0.09221875 0.164921875 0.027484375 0.042578125
0 0.1588125 0.2424375 0.028765625 0.042234375000000005
0 0.54590625 0.141484375 0.021156249999999998 0.046625
0 0.21814062500000003 0.053015625 0.023375 0.037109375
0 0.59521875 0.031734374999999995 0.0206875 0.0416875
0 0.019765625000000002 0.458984375 0.039531250000000004 0.066828125
0 0.531734375 0.034421875000000005 0.019171874999999998 0.04296875
0 0.193109375 0.058562499999999997 0.02225 0.0378125
0 0.3359375 0.046109375 0.022468750000000003 0.039421875
0 0.67040625 0.22717187499999997 0.025265625000000003 0.055296875
0 0.617671875 0.278328125 0.022421875 0.059203125
0 0.14696875 0.125734375 0.031015625 0.034609375
0 0.524421875 0.399171875 0.02590625 0.051171875
0 0.588375 0.283203125 0.023328124999999998 0.053984374999999994
0 0.307125 0.017249999999999998 0.021625 0.02790625
0 0.022765625 0.2944375 0.03521875 0.051765625
0 0.1955625 0.40112500000000006 0.03634375 0.052125
0 0.63965625 0.029421874999999997 0.018984375 0.041625
0 0.48046875 0.290046875 0.026000000000000002 0.047703125
0 0.8198281250000001 0.276859375 0.030156250000000002 0.063234375
0 0.7631875 0.62109375 0.03409375 0.082390625
0 0.689453125 0.628421875 0.032234374999999996 0.085578125
0 0.06878125 0.610359375 0.046484375 0.0861875
0 0.296140625 0.047703125 0.02021875 0.037328125000000004
0 0.260015625 0.728515625 0.0454375 0.10053125
0 0.7109375 0.460453125 0.027640625000000002 0.07134375
0 0.8779375 0.637703125 0.042015625 0.083859375
0 0.35521875 0.1171875 0.022671875 0.0364375
0 0.176265625 0.729 0.047609374999999995 0.083734375
0 0.7890625 0.27221875 0.025718750000000002 0.0614375
0 0.25025 0.120125 0.025468750000000002 0.035734375
0 0.8549843750000001 0.46654687499999997 0.036890624999999996 0.068546875
0 0.474125 0.014171875 0.01771875 0.0280625
0 0.38525 0.23718750000000002 0.02865625 0.049859375
0 0.43871874999999994 0.012750000000000001 0.019796875 0.025500000000000002
0 0.168453125 0.123046875 0.026203125 0.0365625
0 0.703125 0.025515624999999997 0.019984375 0.041078125
0 0.21192187499999998 0.922859375 0.04715625 0.097234375
0 0.24939062500000003 0.24132812499999998 0.029421874999999997 0.043859375
0 0.34496875 0.01428125 0.023421875 0.026265624999999997
0 0.362546875 0.015125 0.020890625 0.027796875
0 0.030796875 0.7216875 0.048578125 0.0935
0 0.09221875 0.40454687500000003 0.038453125 0.055515625
0 0.51415625 0.012046875 0.017578125 0.02409375
0 0.836921875 0.6328125 0.0378125 0.08990625
0 0.07764062499999999 0.06153125 0.032953125 0.029484375
0 0.251953125 0.93359375 0.04303125 0.0936875
0 0.533203125 0.013015625 0.01634375 0.025
0 0.818359375 0.46314062500000003 0.034359375 0.064515625
0 0.013421875 0.610359375 0.0268125 0.068546875
0 0.050421875000000005 0.108765625 0.039125 0.031203124999999998
0 0.9545937500000001 0.46509375000000003 0.037265625000000004 0.06476562500000001
0 0.094359375 0.0364375 0.03359375 0.02521875
0 0.11164062500000001 0.130375 0.0350625 0.032234374999999996
0 0.12115625000000001 0.926765625 0.043859375 0.08990625
0 0.15746875 0.025515624999999997 0.02190625 0.027171875
0 0.165890625 0.9350625000000001 0.04840625 0.08251562500000001
0 0.008953125000000001 0.20446875000000003 0.01771875 0.046109375
0 0.500484375 0.9545937500000001 0.037328125000000004 0.08465625
0 0.0190625 0.157953125 0.0365 0.034234375
0 0.541015625 0.9545937500000001 0.030625000000000003 0.085390625
0 0.39965625 0.95215625 0.03934375 0.08446875000000001
0 0.8881875000000001 0.38575 0.044187500000000005 0.064390625
0 0.939453125 0.40234375 0.035609375 0.055109375
0 0.983234375 0.612796875 0.03353125 0.0856875
0 0.554203125 0.011015625 0.01615625 0.022046875
0 0.40160937499999994 0.0195625 0.020890625 0.035953125
0 0.19396875 0.0270625 0.01953125 0.026453125
0 0.728515625 0.726078125 0.034359375 0.090578125
0 0.010125 0.713875 0.020234375 0.079046875
0 0.022984375 0.04009375 0.02615625 0.027265624999999998
0 0.10107812499999999 0.01953125 0.03384375 0.029312500000000002
0 0.21007812499999998 0.025718750000000002 0.030375000000000003 0.030625000000000003
0 0.8520468749999999 0.1015625 0.023234374999999998 0.040625
0 0.7216875 0.006812500000000001 0.019859375000000002 0.013609375000000002
0 0.901375 0.733890625 0.0679375 0.0571875
0 0.012671874999999999 0.06029687500000001 0.02521875 0.046546875
0 0.9213906250000001 0.8569375000000001 0.06659375 0.05865625
0 0.06029687500000001 0.08990625 0.028484375 0.023859375
0 0.9575156249999999 0.9555624999999999 0.0674375 0.083734375
0 0.00690625 0.39990625 0.013796875 0.040015625
0 0.916015625 0.79590625 0.0731875 0.059546875