0 0.6123125 0.625 0.031078125 0.07781249999999999
0 0.6875 0.6274375 0.031859375 0.087890625
0 0.4711875 0.623046875 0.03125 0.07764062499999999
0 0.64990625 0.46215624999999994 0.027953125000000002 0.068171875
0 0.5966875 0.732421875 0.033265625 0.094359375
0 0.543953125 0.622078125 0.0288125 0.08465625
0 0.299078125 0.733890625 0.0378125 0.07764062499999999
0 0.18603125 0.618171875 0.041625 0.073859375
0 0.505859375 0.281 0.0255625 0.056640625
0 0.25146875 0.625484375 0.03796875 0.073421875
0 0.5805625 0.45824999999999994 0.025953125 0.072875
0 0.42748437499999997 0.461421875 0.0304375 0.070671875
0 0.30053125 0.62109375 0.0365625 0.075015625
0 0.40356249999999994 0.143921875 0.025468750000000002 0.050234375
0 0.33446875 0.619140625 0.03671875 0.071046875
0 0.683109375 0.468265625 0.026359375 0.06348437500000001
0 0.141359375 0.72265625 0.047328125 0.091734375
0 0.536140625 0.281984375 0.023703125 0.0505
0 0.818359375 0.4609375 0.032468750000000005 0.0626875
0 0.648921875 0.625484375 0.028937499999999998 0.077515625
0 0.370609375 0.621578125 0.03409375 0.072875
0 0.3825625 0.396 0.027796875 0.06096875
0 0.02790625 0.61571875 0.04409375 0.0703125
0 0.06231250000000001 0.610359375 0.04328125 0.08154687499999999
0 0.80859375 0.633796875 0.033203125 0.0888125
0 0.4555625 0.28246875 0.02390625 0.055296875
0 0.42993750000000003 0.281984375 0.025796875000000004 0.05371875
0 0.7685625 0.632328125 0.03396875 0.089484375
0 0.457515625 0.461421875 0.028484375 0.069953125
0 0.7890625 0.085578125 0.020171875 0.04453125
0 0.1481875 0.45946875 0.037593749999999995 0.06915625
0 0.410640625 0.401375 0.026859375 0.053500000000000006
0 0.8432656250000001 0.630859375 0.03790625 0.094484375
0 0.2605 0.46264062499999997 0.036828125 0.071234375
0 0.09534375 0.45703125 0.042234375000000005 0.07665625000000001
0 0.278328125 0.39721875 0.03265625 0.062921875
0 0.40356249999999994 0.62109375 0.033265625 0.079890625
0 0.249640625 0.9457968749999999 0.042015625 0.085390625
0 0.34009375 0.46167187500000006 0.033203125 0.06634375
0 0.750484375 0.460453125 0.029875000000000002 0.073671875
0 0.384765625 0.23498437499999997 0.027328124999999998 0.046625
0 0.67725 0.3984375 0.026859375 0.064203125
0 0.517578125 0.458984375 0.024890625 0.068546875
0 0.61571875 0.46020312499999994 0.026000000000000002 0.070671875
0 0.774421875 0.0189375 0.018875 0.037890625
0 0.30884375 0.29028125 0.028875 0.05603125
0 0.732421875 0.2734375 0.025515624999999997 0.058984375
0 0.25928125 0.730953125 0.045953125 0.09790625
0 0.49731249999999994 0.390875 0.027734375 0.068171875
0 0.3723125 0.290765625 0.0268125 0.048765625
0 0.54296875 0.9545937500000001 0.02975 0.08496875000000001
0 0.761234375 0.2731875 0.025328125 0.05625
0 0.306890625 0.399421875 0.027734375 0.060765625000000004
0 0.671390625 0.22595312500000003 0.025953125 0.055515625
0 0.236578125 0.2888125 0.02865625 0.046203125
0 0.292484375 0.46068749999999997 0.034234375 0.070671875
0 0.12073437499999999 0.61865625 0.040984375 0.07171875
0 0.586921875 0.27734375 0.022625 0.053093749999999995
0 0.2605 0.14990625 0.029140624999999996 0.047421875
0 0.8539999999999999 0.460453125 0.034828125 0.07709375
0 0.7475625 0.946296875 0.03621875 0.09929687499999999
0 0.6904375 0.732421875 0.030156250000000002 0.093015625
0 0.04321875 0.24621875000000001 0.031921875 0.046296875
0 0.525875 0.39184375 0.028218749999999997 0.068296875
0 0.744140625 0.132203125 0.0263125 0.04940625
0 0.821296875 0.27709375 0.029984375 0.062921875
0 0.176265625 0.45946875 0.03615625 0.0676875
0 0.434078125 0.11164062500000001 0.018828125 0.03628125
0 0.49096875000000006 0.03634375 0.019125 0.039281250000000004
0 0.18640625 0.289546875 0.033203125 0.052515624999999996
0 0.55078125 0.46068749999999997 0.025 0.058562499999999997
0 0.446296875 0.953125 0.033328125 0.087703125
0 0.376703125 0.045109375 0.020796875 0.03790625
0 0.349125 0.40259375000000003 0.030796875 0.052703124999999997
0 0.73046875 0.729984375 0.035734375 0.09484375
0 0.44018750000000006 0.39965625 0.027437499999999997 0.055203125
0 0.20215624999999998 0.46314062500000003 0.0364375 0.068421875
0 0.06525 0.46314062500000003 0.039640625 0.058234375000000005
0 0.118171875 0.930671875 0.042484375000000005 0.087703125
0 0.435546875 0.23181250000000003 0.023734375 0.053796875
0 0.40356249999999994 0.286375 0.02784375 0.051000000000000004
0 0.726078125 0.2265625 0.02434375 0.04578125
0 0.250484375 0.397953125 0.033203125 0.058015625
0 0.260984375 0.28759375 0.030859375 0.053093749999999995
0 0.167234375 0.40234375 0.035484375 0.05645312500000001
0 0.23181250000000003 0.46410937499999994 0.03934375 0.068171875
0 0.7006875 0.961921875 0.02859375 0.0755625
0 0.305171875 0.01578125 0.02284375 0.030921874999999998
0 0.50146875 0.10778125000000001 0.020796875 0.039953125
0 0.547359375 0.10521875 0.019640625000000002 0.038609375
0 0.9047812499999999 0.734859375 0.073296875 0.059109375
0 0.357671875 0.11376562500000001 0.025374999999999998 0.040625
0 0.25365625 0.051000000000000004 0.023515625000000002 0.0391875
0 0.456546875 0.11065624999999998 0.02175 0.03746875
0 0.10614062500000002 0.12878125 0.02759375 0.034546875
0 0.40454687500000003 0.012671874999999999 0.019171874999999998 0.025343749999999998
0 0.135125 0.2893125 0.02790625 0.049953125
0 0.090390625 0.61475 0.04328125 0.069390625
0 0.313484375 0.111453125 0.024515625 0.043859375
0 0.47778124999999994 0.110296875 0.019859375000000002 0.03775
0 0.194828125 0.404296875 0.037390625 0.05371875
0 0.53271875 0.03253125 0.018828125 0.038546875
0 0.777828125 0.734375 0.040921875 0.08106250000000001
0 0.16175 0.288578125 0.0315 0.05090625
0 0.426765625 0.04009375 0.0199375 0.038906249999999996
0 0.12084375 0.45996875 0.037046875 0.06359375
0 0.18725 0.155640625 0.025328125 0.036078125
0 0.2680625 0.11676562500000001 0.026359375 0.035828125
0 0.334234375 0.044187500000000005 0.021984375 0.04009375
0 0.66015625 0.021953125 0.018984375 0.043921875
0 0.116328125 0.289796875 0.03021875 0.054593749999999996
0 0.208625 0.12157812500000001 0.029078125 0.035609375
0 0.397703125 0.042875 0.021046875 0.038328125000000005
0 0.01840625 0.292484375 0.033265625 0.050421875000000005
0 0.185546875 0.122921875 0.026109375 0.03628125
0 0.057921875 0.08990625 0.03521875 0.029078125
0 0.093015625 0.291265625 0.031671875 0.0495
0 0.21387499999999998 0.156 0.0288125 0.0376875
0 0.3361875 0.283453125 0.02975 0.05865625
0 0.038234375 0.466796875 0.039796874999999995 0.056125
0 0.21728125 0.057921875 0.022796875 0.03540625
0 0.01625 0.461421875 0.032484374999999996 0.061890625
0 0.014234374999999999 0.17346875 0.028468749999999998 0.032234374999999996
0 0.064640625 0.24695312500000002 0.033328125 0.038703125
0 0.5 0.9565468750000001 0.038453125 0.0833125
0 0.21240625 0.02203125 0.022296875 0.029875000000000002
0 0.063109375 0.40454687500000003 0.03678125 0.050328125
0 0.06804687499999999 0.29296875 0.03228125 0.04978125
0 0.349859375 0.237796875 0.030328125 0.045953125
0 0.44800000000000006 0.040765625 0.019375 0.03803125
0 0.249265625 0.01890625 0.021203125 0.03528125
0 0.1665 0.12096875 0.026500000000000003 0.042484375000000005
0 0.015296874999999998 0.40599999999999997 0.030593749999999996 0.04821875
0 0.08728125 0.40478125 0.03521875 0.048953125
0 0.0376875 0.40307812500000006 0.041078125 0.052125
0 0.248046875 0.11578124999999999 0.028015625 0.040984375
0 0.087703125 0.165765625 0.028937499999999998 0.042484375000000005
0 0.11046875 0.161375 0.0315625 0.044437500000000005
0 0.11376562500000001 0.4038125 0.040375 0.0505
0 0.01428125 0.0403125 0.027265624999999998 0.030921874999999998
0 0.286375 0.01615625 0.02271875 0.03228125
0 0.044859375 0.293703125 0.03515625 0.051359375
0 0.49145312499999994 0.012234375 0.016593749999999997 0.024234375
0 0.43139062499999997 0.013734374999999998 0.016921875 0.027015624999999998
0 0.9331093750000001 0.856453125 0.065484375 0.06476562500000001
0 0.031921875 0.1383125 0.033390625 0.030046875
0 0.275140625 0.04525 0.026921875 0.042328125
0 0.512203125 0.010703124999999999 0.018484375 0.021156249999999998
0 0.534671875 0.009484375 0.0171875 0.01896875
0 0.14990625 0.093203125 0.033328125 0.031734374999999995
0 0.10521875 0.010125 0.03259375 0.02009375
0 0.11596875 0.21484375 0.022109375 0.038234375
0 0.02025 0.15515625 0.029421874999999997 0.02640625
0 0.181515625 0.053500000000000006 0.025124999999999998 0.042234375000000005
0 0.223875 0.11981250000000002 0.02865625 0.034234375
0 0.454109375 0.01209375 0.020453125 0.023953125
0 0.2631875 0.01909375 0.023859375 0.03253125
0 0.124078125 0.128546875 0.031140624999999998 0.03278125
0 0.950203125 0.946296875 0.067203125 0.08478125
0 0.16114062499999998 0.058234375000000005 0.02215625 0.037109375