0 0.854390625 0.467703125 0.0316875 0.067359375
0 0.781734375 0.46410937499999994 0.029921874999999997 0.07421875
0 0.8828125 0.63428125 0.04271875 0.080625
0 0.8149374999999999 0.4585 0.0315 0.076421875
0 0.77978125 0.7373125 0.04178125 0.09221875
0 0.618171875 0.0989375 0.01990625 0.04409375
0 0.017515625 0.40625 0.033484375 0.049859375
0 0.23254687500000001 0.461421875 0.038906249999999996 0.0678125
0 0.76953125 0.137453125 0.021578125 0.047421875
0 0.7524375 0.22765624999999998 0.024609375 0.046203125
0 0.578125 0.623046875 0.028765625 0.075984375
0 0.796390625 0.13671875 0.023078124999999998 0.04146875
0 0.017421875 0.45996875 0.03484375 0.063234375
0 0.066828125 0.169796875 0.02784375 0.038546875
0 0.538578125 0.23523437500000002 0.023140625 0.044921875
0 0.761234375 0.275640625 0.02328125 0.055203125
0 0.47925000000000006 0.11164062500000001 0.020296875 0.03678125
0 0.486328125 0.23498437499999997 0.025078125 0.043703124999999995
0 0.298578125 0.04940625 0.02021875 0.0315
0 0.758296875 0.094484375 0.027109375 0.0378125
0 0.41137499999999994 0.116328125 0.024656249999999998 0.04296875
0 0.023515625000000002 0.723640625 0.047046875 0.09515625
0 0.059546875 0.72559375 0.04940625 0.098453125
0 0.015359375 0.609859375 0.030156250000000002 0.072625
0 0.17565625 0.726078125 0.040625 0.09771875
0 0.645015625 0.39746875 0.0260625 0.05500000000000001
0 0.042078125 0.252203125 0.035609375 0.040531250000000005
0 0.744625 0.135015625 0.02153125 0.048953125
0 0.091859375 0.61475 0.044921875 0.072265625
0 0.187375 0.402828125 0.041078125 0.054906250000000004
0 0.647953125 0.45459375 0.025468750000000002 0.076109375
0 0.48901562500000006 0.461421875 0.026500000000000003 0.0700625
0 0.49779687499999997 0.955078125 0.03790625 0.08478125
0 0.554203125 0.397953125 0.02753125 0.059750000000000004
0 0.64990625 0.9536093749999999 0.037203125 0.091375
0 0.46484375 0.3984375 0.02759375 0.05834375000000001
0 0.677734375 0.395015625 0.025421875 0.05728124999999999
0 0.259765625 0.7295 0.044437500000000005 0.10124999999999999
0 0.25025 0.401859375 0.03528125 0.05371875
0 0.89746875 0.73340625 0.07195312499999999 0.057796875000000004
0 0.458984375 0.46068749999999997 0.026265624999999997 0.0700625
0 0.7993125 0.6279375 0.0388125 0.102296875
0 0.732421875 0.275875 0.023140625 0.058234375000000005
0 0.739265625 0.461921875 0.031796875 0.076421875
0 0.680171875 0.456546875 0.025328125 0.0705625
0 0.665046875 0.094 0.024046875000000002 0.05184375
0 0.13684375 0.293703125 0.039703125 0.053984374999999994
0 0.8178750000000001 0.275875 0.027375 0.059875
0 0.42943749999999997 0.28540625 0.023140625 0.05625
0 0.70946875 0.39696875 0.02790625 0.072625
0 0.9174843750000001 0.793953125 0.081359375 0.05996875
0 0.174921875 0.46167187500000006 0.03775 0.070671875
0 0.70165625 0.275640625 0.022328124999999997 0.057703125
0 0.29028125 0.46654687499999997 0.03396875 0.06890625
0 0.2995625 0.728515625 0.03790625 0.078796875
0 0.642578125 0.276859375 0.021203125 0.0570625
0 0.1795625 0.24328124999999998 0.030859375 0.042578125
0 0.16540625 0.9360312499999999 0.042234375000000005 0.085265625
0 0.8442343749999999 0.63525 0.03775 0.08478125
0 0.52490625 0.39184375 0.027375 0.067078125
0 0.147953125 0.46020312499999994 0.03803125 0.0703125
0 0.22400000000000003 0.24279687499999997 0.030156250000000002 0.041234375000000004
0 0.729 0.728515625 0.036984375 0.0936875
0 0.7006875 0.9614218749999999 0.03409375 0.07585937499999999
0 0.67040625 0.22509375 0.024609375 0.054203125
0 0.789546875 0.274421875 0.025046875000000003 0.05728124999999999
0 0.4711875 0.62353125 0.0304375 0.07965625
0 0.138546875 0.7211875 0.045015625 0.094671875
0 0.43823437500000006 0.620125 0.03228125 0.081234375
0 0.12054687500000001 0.9282187499999999 0.046625 0.086609375
0 0.44434375 0.9526406250000001 0.0315625 0.089296875
0 0.727546875 0.022671875 0.018437500000000002 0.04178125
0 0.285640625 0.287109375 0.030156250000000002 0.056125
0 0.724125 0.62890625 0.032953125 0.08178125
0 0.53515625 0.282953125 0.025124999999999998 0.0533125
0 0.12903125 0.614265625 0.040828125 0.075015625
0 0.50684375 0.623046875 0.0314375 0.08209375
0 0.0679375 0.07709375 0.034828125 0.028328125
0 0.588375 0.281 0.021406249999999998 0.051171875
0 0.376703125 0.04553125 0.02109375 0.041078125
0 0.828125 0.7373125 0.041625 0.09912499999999999
0 0.80859375 0.395515625 0.030375000000000003 0.053015625
0 0.025796875000000004 0.2941875 0.03621875 0.05292187499999999
0 0.615234375 0.458015625 0.02434375 0.069515625
0 0.713375 0.095890625 0.020140625000000002 0.039859375
0 0.4711875 0.742671875 0.03228125 0.08728125
0 0.3986875 0.45996875 0.031078125 0.077515625
0 0.340328125 0.46068749999999997 0.033328125 0.06878125
0 0.580078125 0.45873437499999997 0.026859375 0.072515625
0 0.37134375 0.148796875 0.024656249999999998 0.04578125
0 0.250484375 0.94434375 0.04553125 0.08709375
0 0.157109375 0.24523437499999998 0.03125 0.046390625000000005
0 0.5961875 0.731453125 0.03253125 0.093875
0 0.542 0.9536093749999999 0.030796875 0.086
0 0.543953125 0.625 0.028968749999999998 0.0754375
0 0.6171875 0.27734375 0.021703125 0.05645312500000001
0 0.671390625 0.27759375 0.022984375 0.05632812499999999
0 0.575203125 0.0313125 0.017906250000000002 0.041625
0 0.56103125 0.281984375 0.022890625 0.051937500000000004
0 0.48120312500000006 0.281 0.023328124999999998 0.05728124999999999
0 0.429203125 0.46068749999999997 0.027640625000000002 0.073859375
0 0.3356875 0.286375 0.024421875000000003 0.05728124999999999
0 0.65234375 0.6279375 0.028937499999999998 0.085390625
0 0.8159218750000001 0.019265625 0.027218750000000003 0.038546875
0 0.013171875 0.176140625 0.024390625 0.032468750000000005
0 0.332765625 0.117796875 0.027734375 0.0416875
0 0.349609375 0.40356249999999994 0.03253125 0.05645312500000001
0 0.301265625 0.151 0.023734375 0.04525
0 0.511234375 0.73340625 0.03021875 0.094171875
0 0.523921875 0.10760937500000001 0.022296875 0.0406875
0 0.33446875 0.621578125 0.036828125 0.075015625
0 0.451171875 0.146359375 0.023375 0.049046875000000004
0 0.199953125 0.239875 0.03125 0.042234375000000005
0 0.187015625 0.290046875 0.035546875 0.062921875
0 0.301515625 0.620125 0.03746875 0.07684375
0 0.307375 0.407234375 0.03284375 0.05632812499999999
0 0.43334374999999997 0.014374999999999999 0.02009375 0.028749999999999998
0 0.184453125 0.617671875 0.04046875 0.073421875
0 0.404296875 0.62109375 0.03396875 0.080078125
0 0.321296875 0.237546875 0.031140624999999998 0.047234375
0 0.368171875 0.45923437500000003 0.03240625 0.07575
0 0.401375 0.286859375 0.027015624999999998 0.060421875
0 0.534671875 0.010953125 0.018828125 0.021625
0 0.069640625 0.294921875 0.037109375 0.05878124999999999
0 0.4555625 0.282953125 0.022421875 0.056765625
0 0.255125 0.619140625 0.0406875 0.076296875
0 0.325921875 0.016765625 0.021984375 0.03353125
0 0.2680625 0.020171875 0.02365625 0.03259375
0 0.921875 0.852546875 0.073296875 0.06659375
0 0.09503125 0.45946875 0.039484375 0.0703125
0 0.53125 0.033140625 0.0205625 0.04296875
0 0.22351562500000002 0.620609375 0.0391875 0.07585937499999999
0 0.290765625 0.11517187499999999 0.027328124999999998 0.032234374999999996
0 0.68653125 0.09771875 0.02253125 0.040765625
0 0.548828125 0.45728125000000003 0.024234375 0.065125
0 0.707515625 0.02409375 0.018578125 0.040765625
0 0.6953125 0.22351562500000002 0.023078124999999998 0.047609374999999995
0 0.369625 0.624515625 0.03528125 0.0755625
0 0.5185625 0.45776562500000006 0.028484375 0.074765625
0 0.117796875 0.401375 0.037328125000000004 0.058984375
0 0.47290625000000003 0.144046875 0.021984375 0.048671874999999996
0 0.47265625 0.012859375000000001 0.019984375 0.025718750000000002
0 0.03521875 0.6123125 0.045109375 0.07396875
0 0.663578125 0.0270625 0.018484375 0.039125
0 0.286625 0.0195625 0.02284375 0.031734374999999995
0 0.249640625 0.23840625000000001 0.031078125 0.044859375
0 0.26196875 0.46215624999999994 0.03615625 0.073296875
0 0.039859375 0.460453125 0.040921875 0.0704375
0 0.219484375 0.053093749999999995 0.023859375 0.0416875
0 0.2370625 0.04940625 0.020515625000000003 0.039421875
0 0.354734375 0.046109375 0.022296875 0.042328125
0 0.22925 0.023703125 0.025374999999999998 0.030953124999999998
0 0.297125 0.23914062500000002 0.029203125000000003 0.04303125
0 0.68653125 0.6279375 0.0315 0.0888125
0 0.090390625 0.1638125 0.034609375 0.046390625000000005
0 0.009015625 0.19239062499999998 0.017781250000000002 0.034765625
0 0.38134375 0.0134375 0.020296875 0.026890625
0 0.45434374999999994 0.01353125 0.02034375 0.026546874999999998
0 0.06371875 0.610359375 0.04428125 0.0833125
0 0.031140624999999998 0.141484375 0.0365625 0.029984375
0 0.27759375 0.396234375 0.030156250000000002 0.061890625
0 0.03896875 0.40478125 0.03753125 0.0495
0 0.61621875 0.00846875 0.017781250000000002 0.016921875
0 0.28028125 0.151734375 0.0270625 0.046546875
0 0.426765625 0.0403125 0.02059375 0.0419375
0 0.260984375 0.289796875 0.031734374999999995 0.056859375000000004
0 0.167359375 0.12145312500000001 0.0288125 0.040531250000000005
0 0.49145312499999994 0.035734375 0.020421875 0.04453125
0 0.06903125 0.45824999999999994 0.040625 0.072390625
0 0.46948437500000006 0.03790625 0.02109375 0.042640625
0 0.010015625 0.06659375 0.0195 0.031015625
0 0.1951875 0.022765625 0.025718750000000002 0.034999999999999996
0 0.272703125 0.24071875 0.029140624999999996 0.0419375
0 0.182984375 0.057499999999999996 0.0249375 0.038234375
0 0.23181250000000003 0.29321875 0.033078125 0.061890625
0 0.10796874999999999 0.010296875 0.03615625 0.019796875
0 0.08209375 0.05234375 0.032234374999999996 0.030953124999999998
0 0.23071875 0.11596875 0.02346875 0.034484375
0 0.746578125 0.0073124999999999996 0.02034375 0.014499999999999999
0 0.575203125 0.009375 0.017640625 0.018296875
0 0.40698437500000006 0.396734375 0.028546875 0.06525
0 0.2160625 0.151125 0.026500000000000003 0.04821875
0 0.37865625 0.39746875 0.027953125000000002 0.062921875
0 0.681640625 0.007875 0.017374999999999998 0.015765625
0 0.153203125 0.158078125 0.029375000000000002 0.046718749999999996
0 0.0416875 0.11456249999999998 0.041234375000000004 0.036828125
0 0.12989062499999998 0.159796875 0.02759375 0.047
0 0.146125 0.060421875 0.025124999999999998 0.039281250000000004
0 0.06371875 0.40209374999999997 0.03775 0.051453125
0 0.090390625 0.40234375 0.03796875 0.053593749999999996
0 0.1638125 0.059750000000000004 0.02178125 0.036890624999999996
0 0.094671875 0.03515625 0.031734374999999995 0.027218750000000003
0 0.107421875 0.130734375 0.030156250000000002 0.0364375
0 0.8618124999999999 0.117984375 0.015296874999999998 0.0270625
0 0.99609375 0.663578125 0.007796875 0.04690625
0 0.271234375 0.114203125 0.025328125 0.03234375
0 0.250484375 0.114984375 0.020796875 0.036625000000000005
0 0.49365625 0.011546875 0.019609375000000002 0.022890625
0 0.6381875 0.008984375 0.018875 0.017640625
0 0.237796875 0.150875 0.02665625 0.047328125
0 0.259515625 0.150875 0.02640625 0.0479375
0 0.146484375 0.125859375 0.02640625 0.040921875
0 0.157109375 0.028703125000000003 0.02178125 0.024609375
0 0.12865625 0.12793749999999998 0.025124999999999998 0.042234375000000005
0 0.177375 0.028937499999999998 0.026500000000000003 0.030156250000000002
0 0.8881875000000001 0.198734375 0.02346875 0.03628125
0 0.065859375 0.338625 0.01771875 0.0391875
0 0.2211875 0.33496875 0.018234375 0.041328125