0 0.40307812500000006 0.618171875 0.03278125 0.08446875000000001
0 0.3723125 0.61328125 0.03259375 0.07684375
0 0.21081249999999999 0.12096875 0.026546874999999998 0.04553125
0 0.25415625 0.620125 0.039125 0.075984375
0 0.336421875 0.617671875 0.034828125 0.074890625
0 0.19043749999999998 0.61865625 0.038234375 0.07696875
0 0.140875 0.288328125 0.033015625 0.055421874999999995
0 0.152828125 0.1590625 0.027218750000000003 0.043609375
0 0.16271875 0.058562499999999997 0.02409375 0.038109375
0 0.759765625 0.275640625 0.0241875 0.057921875
0 0.09503125 0.1638125 0.032234374999999996 0.04434375
0 0.22131249999999997 0.619140625 0.038328125000000005 0.0754375
0 0.237921875 0.28759375 0.030109375 0.053593749999999996
0 0.30053125 0.620125 0.03615625 0.07453125000000001
0 0.33715625 0.043765625 0.023375 0.042015625
0 0.746578125 0.461921875 0.028968749999999998 0.07409375
0 0.546390625 0.141109375 0.021281249999999998 0.047328125
0 0.35571875 0.045875 0.020374999999999997 0.039953125
0 0.448734375 0.042328125 0.019609375000000002 0.037390625
0 0.14721875 0.126953125 0.03021875 0.039421875
0 0.187140625 0.288578125 0.028375 0.05450000000000001
0 0.63965625 0.029312500000000002 0.018484375 0.040984375
0 0.091859375 0.292234375 0.03390625 0.052515624999999996
0 0.367921875 0.4560625 0.03265625 0.069390625
0 0.525875 0.10760937500000001 0.02025 0.040921875
0 0.532234375 0.0350625 0.019796875 0.041625
0 0.322515625 0.2395 0.0255625 0.049140625
0 0.41381249999999997 0.11596875 0.022796875 0.038546875
0 0.21973437499999998 0.05340625 0.02446875 0.037109375
0 0.12262500000000001 0.61475 0.0406875 0.0809375
0 0.43896875 0.622078125 0.03371875 0.086
0 0.177484375 0.45946875 0.038609375 0.072265625
0 0.34740625 0.241828125 0.027734375 0.046296875
0 0.206296875 0.46264062499999997 0.03896875 0.07184375
0 0.67090625 0.226078125 0.025328125 0.056765625
0 0.13390625 0.24512499999999998 0.031140624999999998 0.043765625
0 0.58203125 0.4585 0.027953125000000002 0.07184375
0 0.168828125 0.40551562499999994 0.034187499999999996 0.05292187499999999
0 0.27759375 0.04921875 0.02109375 0.0350625
0 0.7006875 0.274171875 0.02328125 0.058015625
0 0.338625 0.46020312499999994 0.030953124999999998 0.067203125
0 0.615234375 0.399421875 0.025515624999999997 0.0558125
0 0.0365 0.609375 0.043515625 0.071046875
0 0.293703125 0.11754687500000001 0.024796875 0.03628125
0 0.22778125 0.08301562500000001 0.031671875 0.029984375
0 0.48071875000000003 0.11101562499999999 0.019234375 0.03934375
0 0.59521875 0.032046875 0.02071875 0.041625
0 0.612796875 0.621578125 0.029875000000000002 0.077390625
0 0.45678124999999997 0.460453125 0.0314375 0.07453125000000001
0 0.38184375 0.398921875 0.02790625 0.06021875
0 0.294921875 0.46068749999999997 0.03409375 0.06621875
0 0.6171875 0.2785625 0.023234374999999998 0.059750000000000004
0 0.46557812500000006 0.396234375 0.027796875 0.055203125
0 0.0675625 0.60840625 0.045953125 0.085078125
0 0.1955625 0.400875 0.035484375 0.052609375
0 0.35546875 0.1169375 0.0229375 0.0365
0 0.182 0.05603125 0.0235625 0.038609375
0 0.159421875 0.24279687499999997 0.029593750000000002 0.045203125
0 0.542484375 0.624515625 0.031375 0.0780625
0 0.344 0.01484375 0.022203125 0.027734375
0 0.8779375 0.63671875 0.0419375 0.08209375
0 0.259765625 0.729 0.046109375 0.098578125
0 0.09790625 0.027640625000000002 0.04046875 0.0388125
0 0.307125 0.016921875 0.021359375 0.02865625
0 0.711421875 0.46020312499999994 0.027171875 0.071234375
0 0.8539999999999999 0.46654687499999997 0.03615625 0.067328125
0 0.7890625 0.27196875 0.026609375 0.061312500000000006
0 0.25 0.24071875 0.029249999999999998 0.043765625
0 0.6484375 0.458984375 0.025 0.068296875
0 0.479984375 0.2888125 0.025421875 0.04821875
0 0.703125 0.02484375 0.019453124999999998 0.040531250000000005
0 0.0780625 0.06153125 0.033203125 0.029312500000000002
0 0.21106250000000001 0.9248125 0.0483125 0.10210937499999999
0 0.11315625 0.1326875 0.037593749999999995 0.038906249999999996
0 0.25146875 0.9331093750000001 0.04328125 0.09253125
0 0.777828125 0.22643749999999999 0.0255625 0.04559375
0 0.2944375 0.048671874999999996 0.01909375 0.034999999999999996
0 0.01353125 0.609859375 0.026921875 0.068296875
0 0.818359375 0.46264062499999997 0.03365625 0.06396874999999999
0 0.15723437499999998 0.030156250000000002 0.0270625 0.027953125000000002
0 0.030796875 0.7216875 0.048953125 0.09271875
0 0.51465625 0.011546875 0.0174375 0.02309375
0 0.165890625 0.935546875 0.0483125 0.0834375
0 0.43871874999999994 0.012671874999999999 0.01971875 0.025359375
0 0.11950000000000001 0.9262656249999999 0.042171875 0.08820312500000001
0 0.019609375000000002 0.158203125 0.03746875 0.034187499999999996
0 0.044437500000000005 0.251953125 0.034609375 0.040921875
0 0.399171875 0.95215625 0.039703125 0.085265625
0 0.939453125 0.401859375 0.035671875 0.054109375
0 0.048859375 0.10931249999999999 0.035828125 0.0288125
0 0.9560625 0.466796875 0.04046875 0.063109375
0 0.8364218749999999 0.6328125 0.037593749999999995 0.090265625
0 0.5546875 0.010671875 0.016593749999999997 0.021328125
0 0.499515625 0.953125 0.0365 0.082828125
0 0.5415 0.9526406250000001 0.030796875 0.086484375
0 0.00878125 0.1953125 0.017109375 0.029703125000000004
0 0.11376562500000001 0.009890625 0.02828125 0.019609375000000002
0 0.728515625 0.72509375 0.03371875 0.090265625
0 0.901375 0.734375 0.06804687499999999 0.057921875
0 0.9125937499999999 0.790046875 0.074640625 0.06009375
0 0.012140624999999999 0.04328125 0.023953125 0.031609375
0 0.923828125 0.8569375000000001 0.06671875000000001 0.060765625000000004
0 0.9594687499999999 0.9555624999999999 0.065484375 0.082828125
0 0.790046875 0.005671875 0.02025 0.01125