0 0.4296875 0.46020312499999994 0.027953125000000002 0.066953125
0 0.53125 0.28028125 0.022890625 0.05625
0 0.673828125 0.282234375 0.023953125 0.057703125
0 0.55078125 0.45946875 0.025515624999999997 0.069640625
0 0.367671875 0.45776562500000006 0.03240625 0.069515625
0 0.453125 0.286140625 0.02409375 0.0546875
0 0.761234375 0.278078125 0.025515624999999997 0.05728124999999999
0 0.480953125 0.2890625 0.02640625 0.04978125
0 0.342046875 0.286859375 0.028171875000000002 0.05440625
0 0.61865625 0.13915625 0.020499999999999997 0.046546875
0 0.3774375 0.2893125 0.027484375 0.055421874999999995
0 0.588375 0.28271875 0.023703125 0.05014062500000001
0 0.6904375 0.6274375 0.031203124999999998 0.079046875
0 0.40259375000000003 0.62646875 0.032953125 0.07585937499999999
0 0.65478125 0.6279375 0.0315 0.07934375
0 0.43676562499999994 0.40064062500000003 0.027218750000000003 0.05371875
0 0.5078125 0.285640625 0.024140625 0.04959375
0 0.61475 0.625 0.030921874999999998 0.078796875
0 0.4663125 0.399171875 0.02759375 0.056640625
0 0.45287499999999997 0.146484375 0.020765625 0.046484375
0 0.40942187499999994 0.401859375 0.028218749999999997 0.054906250000000004
0 0.546875 0.14184375 0.020640625000000003 0.046718749999999996
0 0.372796875 0.613765625 0.031203124999999998 0.0755625
0 0.779296875 0.461921875 0.032718750000000005 0.06476562500000001
0 0.58740625 0.3986875 0.024281249999999997 0.055296875
0 0.52246875 0.145265625 0.02153125 0.046390625000000005
0 0.30834375 0.40259375000000003 0.031078125 0.064875
0 0.382078125 0.40160937499999994 0.027171875 0.05965625
0 0.583015625 0.45996875 0.0270625 0.074640625
0 0.742671875 0.1379375 0.022890625 0.043859375
0 0.288328125 0.288328125 0.028437499999999998 0.05571875
0 0.6171875 0.400875 0.02521875 0.057374999999999995
0 0.72559375 0.22864062500000001 0.0249375 0.0479375
0 0.761234375 0.630859375 0.036078125 0.08251562500000001
0 0.590828125 0.23254687500000001 0.02365625 0.048953125
0 0.46240625 0.234625 0.022421875 0.0479375
0 0.7944375 0.1326875 0.022109375 0.048953125
0 0.458015625 0.461421875 0.029640624999999997 0.07396875
0 0.275875 0.23742187499999998 0.026859375 0.054296875
0 0.348875 0.15209375 0.024421875000000003 0.043515625
0 0.49634375000000003 0.151859375 0.021703125 0.04271875
0 0.577640625 0.62890625 0.030156250000000002 0.072265625
0 0.701171875 0.273921875 0.024234375 0.0624375
0 0.190921875 0.61571875 0.03775 0.080625
0 0.67090625 0.224859375 0.02446875 0.052703124999999997
0 0.521484375 0.457515625 0.02753125 0.074890625
0 0.618171875 0.279296875 0.023859375 0.059421875
0 0.41381249999999997 0.2424375 0.026203125 0.04525
0 0.644046875 0.137578125 0.022890625 0.05109375000000001
0 0.43653125 0.23937499999999998 0.024656249999999998 0.043609375
0 0.474609375 0.150875 0.02225 0.040921875
0 0.05014062500000001 0.2915 0.031140624999999998 0.05440625
0 0.42798437500000003 0.2836875 0.0249375 0.057921875
0 0.3361875 0.625984375 0.036015625 0.06867187500000001
0 0.7529375 0.2265625 0.024046875000000002 0.044671875
0 0.23937499999999998 0.28759375 0.029593750000000002 0.055515625
0 0.571296875 0.103390625 0.019984375 0.044921875
0 0.301765625 0.625484375 0.03746875 0.069640625
0 0.325921875 0.152953125 0.02409375 0.0403125
0 0.7685625 0.1355 0.025953125 0.048765625
0 0.4404375 0.6279375 0.034359375 0.0780625
0 0.727046875 0.63184375 0.03253125 0.08106250000000001
0 0.52490625 0.1065 0.021281249999999998 0.041375
0 0.257078125 0.624515625 0.039125 0.07195312499999999
0 0.263421875 0.463375 0.034546875 0.0731875
0 0.543453125 0.630375 0.028968749999999998 0.073671875
0 0.47534375000000006 0.62890625 0.033265625 0.06878125
0 0.4819375 0.11126562499999999 0.02084375 0.040015625
0 0.3566875 0.047 0.02009375 0.039281250000000004
0 0.77246875 0.40209374999999997 0.028875 0.057921875
0 0.6796875 0.46264062499999997 0.02759375 0.07396875
0 0.68896875 0.098578125 0.022890625 0.046203125
0 0.03521875 0.61475 0.04271875 0.0730625
0 0.711921875 0.460453125 0.029140624999999996 0.073859375
0 0.49071875 0.46240625 0.029031249999999998 0.0701875
0 0.640625 0.030046875 0.017984375 0.0406875
0 0.203125 0.242546875 0.032234374999999996 0.044671875
0 0.04303125 0.25365625 0.03240625 0.042234375000000005
0 0.53809375 0.2368125 0.024 0.046546875
0 0.790046875 0.2734375 0.028703125000000003 0.0614375
0 0.59375 0.10089062499999998 0.019984375 0.04428125
0 0.739265625 0.39478125 0.025718750000000002 0.06118749999999999
0 0.323 0.24279687499999997 0.027265624999999998 0.049140625
0 0.34009375 0.46118750000000003 0.031609375 0.0678125
0 0.27709375 0.402828125 0.033203125 0.061765625000000005
0 0.2631875 0.727546875 0.04453125 0.099484375
0 0.743171875 0.45873437499999997 0.031203124999999998 0.07665625000000001
0 0.13415625 0.248296875 0.030046875 0.04428125
0 0.524421875 0.400875 0.027375 0.051546875000000006
0 0.22156250000000002 0.625 0.037046875 0.072625
0 0.18909375 0.287359375 0.030109375 0.056546874999999996
0 0.296875 0.0468125 0.02096875 0.038109375
0 0.55371875 0.3981875 0.026203125 0.060640625000000004
0 0.258296875 0.050234375 0.021234375 0.037593749999999995
0 0.282953125 0.1536875 0.0255625 0.042484375000000005
0 0.718265625 0.134765625 0.024390625 0.0533125
0 0.25025 0.24109375000000002 0.026859375 0.044859375
0 0.532234375 0.03515625 0.01990625 0.04146875
0 0.8002968750000001 0.632328125 0.0365625 0.08959375
0 0.168828125 0.407234375 0.03378125 0.05292187499999999
0 0.06153125 0.726078125 0.054906250000000004 0.09929687499999999
0 0.068421875 0.45923437500000003 0.041140625 0.072625
0 0.08820312500000001 0.292 0.03540625 0.053093749999999995
0 0.20801562499999998 0.461921875 0.03534375 0.07409375
0 0.649421875 0.458015625 0.025859375 0.069953125
0 0.69825 0.22815625 0.024656249999999998 0.042812499999999996
0 0.750984375 0.0245625 0.022421875 0.041078125
0 0.554203125 0.033015625 0.0190625 0.04321875
0 0.8793906249999999 0.63915625 0.042171875 0.085390625
0 0.238640625 0.1538125 0.025718750000000002 0.04271875
0 0.5961875 0.03240625 0.019609375000000002 0.041625
0 0.8188437499999999 0.46240625 0.0350625 0.065984375
0 0.8168906249999999 0.273921875 0.0305 0.06096875
0 0.49365625 0.042171875 0.018046875 0.03240625
0 0.9560625 0.46459374999999997 0.037328125000000004 0.060640625000000004
0 0.8549843750000001 0.46753125000000006 0.03775 0.069390625
0 0.778328125 0.2265625 0.026000000000000002 0.044671875
0 0.712890625 0.08959375 0.020421875 0.036015625
0 0.70946875 0.3984375 0.027328124999999998 0.06009375
0 0.837890625 0.634765625 0.039546874999999995 0.09234375
0 0.211296875 0.9243124999999999 0.05090625 0.104671875
0 0.44921875 0.041375 0.020765625 0.040015625
0 0.30053125 0.723640625 0.0390625 0.07934375
0 0.04046875 0.460453125 0.03775 0.072390625
0 0.21496875000000001 0.156125 0.026453125 0.041625
0 0.575203125 0.032171875 0.018765625 0.042328125
0 0.197390625 0.40404687499999997 0.035890624999999995 0.05500000000000001
0 0.70459375 0.026000000000000002 0.018875 0.04184375
0 0.13903125 0.2890625 0.034187499999999996 0.055937499999999994
0 0.013328125 0.61475 0.025796875000000004 0.07520312500000001
0 0.81640625 0.020890625 0.024656249999999998 0.0388125
0 0.26025 0.1539375 0.023234374999999998 0.038390625
0 0.4140625 0.11754687500000001 0.025265625000000003 0.04025
0 0.619140625 0.029031249999999998 0.0200625 0.044
0 0.133671875 0.160890625 0.027015624999999998 0.04434375
0 0.0305 0.72265625 0.0456875 0.09790625
0 0.251953125 0.118171875 0.02225 0.0391875
0 0.377203125 0.044859375 0.022578124999999998 0.042328125
0 0.682625 0.0255625 0.020640625000000003 0.04328125
0 0.348875 0.24548437500000003 0.029140624999999996 0.042390625
0 0.0679375 0.614265625 0.044187500000000005 0.08251562500000001
0 0.43432812500000006 0.11359375000000001 0.022468750000000003 0.038109375
0 0.734859375 0.09753125 0.02346875 0.038546875
0 0.45824999999999994 0.11676562500000001 0.025328125 0.038171875
0 0.1585625 0.241828125 0.027640625000000002 0.04296875
0 0.09503125 0.164546875 0.02784375 0.042875
0 0.0678125 0.24596874999999999 0.03353125 0.038328125000000005
0 0.640625 0.10303124999999999 0.02271875 0.04015625
0 0.125734375 0.617671875 0.034484375 0.083125
0 0.34496875 0.018578125 0.023078124999999998 0.034296875
0 0.773921875 0.021953125 0.021812500000000002 0.043921875
0 0.36353125 0.015421874999999998 0.02025 0.0304375
0 0.11754687500000001 0.404296875 0.038906249999999996 0.053890625000000004
0 0.78028125 0.739265625 0.045953125 0.094359375
0 0.47485937500000003 0.015859375000000002 0.019453124999999998 0.031703125
0 0.306890625 0.018609375 0.02190625 0.030156250000000002
0 0.38575 0.01578125 0.019640625000000002 0.0313125
0 0.79540625 0.0206875 0.02225 0.041359375
0 0.512203125 0.732421875 0.034187499999999996 0.094
0 0.292484375 0.115359375 0.024515625 0.037328125000000004
0 0.151734375 0.160765625 0.025750000000000002 0.040625
0 0.55615625 0.010703124999999999 0.018765625 0.021124999999999998
0 0.164796875 0.9360312499999999 0.04840625 0.08178125
0 0.093203125 0.036078125 0.03228125 0.024609375
0 0.2526875 0.938484375 0.0496875 0.089484375
0 0.18128125 0.24596874999999999 0.03253125 0.043359375
0 0.9399374999999999 0.402828125 0.036015625 0.055515625
0 0.542 0.955078125 0.028171875000000002 0.08106250000000001
0 0.50146875 0.955078125 0.039281250000000004 0.084046875
0 0.01909375 0.406734375 0.037265625000000004 0.05450000000000001
0 0.7295 0.729 0.036984375 0.094484375
0 0.0098125 0.194953125 0.01909375 0.03365625
0 0.702640625 0.9575156249999999 0.03371875 0.0805
0 0.75684375 0.9536093749999999 0.03528125 0.0888125
0 0.026109375 0.04178125 0.02271875 0.0304375
0 0.030859375 0.1379375 0.03540625 0.027484375
0 0.182125 0.05728124999999999 0.023421875 0.0388125
0 0.04428125 0.1221875 0.029078125 0.030156250000000002
0 0.011328125 0.718265625 0.02253125 0.087890625
0 0.089484375 0.40209374999999997 0.03628125 0.05728124999999999
0 0.21973437499999998 0.05371875 0.026359375 0.03896875
0 0.078484375 0.0625625 0.032171875 0.028375
0 0.401375 0.958015625 0.042640625 0.074890625
0 0.984375 0.629390625 0.029249999999999998 0.08465625
0 0.761234375 0.093015625 0.021859375 0.038109375
0 0.61865625 0.0115 0.019125 0.0229375
0 0.019859375000000002 0.173578125 0.029921874999999997 0.039281250000000004
0 0.12250000000000001 0.9233437500000001 0.047328125 0.08757812499999999
0 0.576171875 0.01103125 0.0189375 0.021812500000000002
0 0.45434374999999994 0.013984374999999999 0.02034375 0.027953125000000002
0 0.010609375 0.041625 0.020499999999999997 0.031671875
0 0.119015625 0.292234375 0.0314375 0.053093749999999995
0 0.1095 0.010984375000000001 0.038328125000000005 0.021203125
0 0.9252968750000001 0.34521875 0.032234374999999996 0.05090625
0 0.06659375 0.40064062500000003 0.033484375 0.05109375000000001
0 0.9292031250000001 0.8598593749999999 0.081671875 0.0675625
0 0.21203124999999998 0.02271875 0.029140624999999996 0.0268125
0 0.900390625 0.73340625 0.0678125 0.05865625
0 0.917 0.792 0.07709375 0.068296875
0 0.745609375 0.006796874999999999 0.01984375 0.012828125000000001
0 0.66309375 0.008578125 0.018187500000000002 0.016468749999999997