0 0.85059375 0.45996875 0.03371875 0.07575
0 0.817390625 0.458984375 0.030156250000000002 0.07275000000000001
0 0.728515625 0.727046875 0.035953125 0.08978125
0 0.727546875 0.625984375 0.03265625 0.07976562499999999
0 0.25365625 0.621578125 0.04025 0.07665625000000001
0 0.47973437499999994 0.1095 0.02175 0.043359375
0 0.06671875000000001 0.4038125 0.03353125 0.05645312500000001
0 0.30321875 0.15478125 0.028015625 0.03615625
0 0.880859375 0.63184375 0.039421875 0.08154687499999999
0 0.370359375 0.619140625 0.035546875 0.081234375
0 0.9854218749999999 0.612796875 0.02915625 0.072265625
0 0.7836875 0.46167187500000006 0.030953124999999998 0.072265625
0 0.23156249999999998 0.46459374999999997 0.037046875 0.0614375
0 0.76953125 0.632328125 0.034234375 0.084171875
0 0.16540625 0.9360312499999999 0.046203125 0.082703125
0 0.777828125 0.729984375 0.040984375 0.079046875
0 0.672359375 0.27465625 0.022421875 0.0558125
0 0.196171875 0.401375 0.03403125 0.06634375
0 0.109125 0.163453125 0.028375 0.040531250000000005
0 0.75684375 0.27221875 0.022578124999999998 0.05728124999999999
0 0.807625 0.633796875 0.035734375 0.0888125
0 0.189578125 0.12323437500000001 0.0241875 0.039859375
0 0.677734375 0.45824999999999994 0.027640625000000002 0.06009375
0 0.301515625 0.72509375 0.037593749999999995 0.07709375
0 0.359125 0.1169375 0.028171875000000002 0.038328125000000005
0 0.8466875 0.6328125 0.040531250000000005 0.090875
0 0.56103125 0.278328125 0.02190625 0.053500000000000006
0 0.49243750000000003 0.038328125000000005 0.021124999999999998 0.035734375
0 0.524421875 0.10687500000000001 0.020296875 0.042171875
0 0.787109375 0.2734375 0.025468750000000002 0.06029687500000001
0 0.429203125 0.285640625 0.02446875 0.051265625
0 0.10265625 0.72803125 0.0483125 0.08434375
0 0.666015625 0.13928125 0.022890625 0.048578125
0 0.65234375 0.62353125 0.02828125 0.0856875
0 0.70215625 0.2734375 0.021578125 0.056765625
0 0.74853125 0.46215624999999994 0.03021875 0.07575
0 0.253171875 0.9370156250000001 0.040921875 0.0888125
0 0.146609375 0.125125 0.023953125 0.034546875
0 0.5703125 0.10595312500000001 0.02021875 0.039859375
0 0.532234375 0.282953125 0.025046875000000003 0.04978125
0 0.6435625 0.45996875 0.026203125 0.0701875
0 0.28540625 0.286859375 0.028703125000000003 0.055937499999999994
0 0.11517187499999999 0.9311562500000001 0.0388125 0.086
0 0.48071875000000003 0.285890625 0.026921875 0.05728124999999999
0 0.1431875 0.722171875 0.047 0.091375
0 0.593265625 0.103765625 0.01809375 0.036984375
0 0.599125 0.729984375 0.03228125 0.09221875
0 0.71240625 0.45996875 0.029203125000000003 0.0731875
0 0.690921875 0.626953125 0.031984374999999995 0.086609375
0 0.140984375 0.40404687499999997 0.0365625 0.04840625
0 0.332515625 0.052828125000000004 0.02253125 0.03359375
0 0.026609375 0.7211875 0.05109375000000001 0.09125
0 0.4038125 0.62403125 0.03384375 0.07653125
0 0.969734375 0.52978125 0.0388125 0.0753125
0 0.09515625 0.291015625 0.0365625 0.052609375
0 0.301265625 0.619625 0.03753125 0.07665625000000001
0 0.016390625 0.461421875 0.032796874999999996 0.064265625
0 0.784671875 0.095890625 0.02084375 0.035828125
0 0.4350625 0.621578125 0.03390625 0.0808125
0 0.087890625 0.167234375 0.027015624999999998 0.036984375
0 0.55225 0.036890624999999996 0.021281249999999998 0.04009375
0 0.7085 0.392828125 0.027953125000000002 0.06659375
0 0.396234375 0.050234375 0.02475 0.038109375
0 0.923828125 0.338625 0.029984375 0.06671875000000001
0 0.300046875 0.24059375 0.030109375 0.043609375
0 0.47435937499999997 0.624515625 0.028703125000000003 0.07684375
0 0.40234375 0.286375 0.02434375 0.052703124999999997
0 0.134890625 0.1589375 0.031203124999999998 0.042875
0 0.26025 0.727046875 0.04553125 0.098578125
0 0.0241875 0.296140625 0.039125 0.0485
0 0.3359375 0.621578125 0.037109375 0.0809375
0 0.41089062500000006 0.1171875 0.02409375 0.04025
0 0.376703125 0.285640625 0.027687499999999997 0.0570625
0 0.040828125 0.40503125000000006 0.038906249999999996 0.051453125
0 0.807625 0.21996875 0.027375 0.0496875
0 0.15125 0.461921875 0.034359375 0.056765625
0 0.06153125 0.6118125 0.044187500000000005 0.08039062500000001
0 0.156734375 0.617671875 0.037328125000000004 0.075984375
0 0.615234375 0.39428125 0.023140625 0.06231250000000001
0 0.19043749999999998 0.61865625 0.03934375 0.078796875
0 0.10595312500000001 0.13171875 0.0288125 0.03259375
0 0.2109375 0.923828125 0.047609374999999995 0.10284374999999998
0 0.536625 0.234734375 0.024609375 0.047421875
0 0.578609375 0.622078125 0.025374999999999998 0.0861875
0 0.521484375 0.45946875 0.025718750000000002 0.0730625
0 0.01575 0.602546875 0.0315 0.07396875
0 0.22156250000000002 0.618171875 0.039703125 0.082828125
0 0.524421875 0.40112500000000006 0.025265625000000003 0.0570625
0 0.032953125 0.6123125 0.040375 0.070921875
0 0.61571875 0.621578125 0.029593750000000002 0.094
0 0.5859375 0.39209375 0.02346875 0.063046875
0 0.613765625 0.458984375 0.024234375 0.06659375
0 0.09503125 0.3984375 0.038390625 0.05865625
0 0.899421875 0.730953125 0.06621875 0.056640625
0 0.23914062500000002 0.15478125 0.029312500000000002 0.04559375
0 0.581546875 0.461421875 0.02521875 0.06371875
0 0.753421875 0.94825 0.034828125 0.095515625
0 0.51025 0.618171875 0.02590625 0.083859375
0 0.4453125 0.95215625 0.032234374999999996 0.088015625
0 0.543953125 0.6225625 0.027171875 0.08209375
0 0.296390625 0.0485 0.024890625 0.038703125
0 0.307125 0.40209374999999997 0.029703125000000004 0.057374999999999995
0 0.5444375 0.9545937500000001 0.031921875 0.085578125
0 0.7006875 0.9594687499999999 0.029593750000000002 0.07684375
0 0.384765625 0.238640625 0.028328125 0.046718749999999996
0 0.250984375 0.11859375000000001 0.026703125 0.034999999999999996
0 0.262703125 0.46410937499999994 0.038171875 0.066828125
0 0.295171875 0.460453125 0.032953125 0.0675625
0 0.45824999999999994 0.45728125000000003 0.029875000000000002 0.068546875
0 0.349609375 0.237921875 0.029375000000000002 0.04803125
0 0.17590625 0.46068749999999997 0.037390625 0.056640625
0 0.363765625 0.016921875 0.020453125 0.03028125
0 0.49096875000000006 0.3981875 0.025328125 0.065484375
0 0.40454687500000003 0.151734375 0.023859375 0.046546875
0 0.0704375 0.24304687500000002 0.042078125 0.048125
0 0.22559374999999998 0.40551562499999994 0.034999999999999996 0.055937499999999994
0 0.551765625 0.45824999999999994 0.024234375 0.0676875
0 0.3513125 0.40551562499999994 0.029484375 0.052703124999999997
0 0.208625 0.12262500000000001 0.0260625 0.03396875
0 0.49926562499999994 0.955078125 0.03528125 0.0834375
0 0.338875 0.28540625 0.031140624999999998 0.0571875
0 0.18078125 0.05759375 0.02446875 0.038109375
0 0.0936875 0.615234375 0.0454375 0.073671875
0 0.325203125 0.018187500000000002 0.0231875 0.030921874999999998
0 0.40625 0.015671875 0.0231875 0.030796875
0 0.0391875 0.45971875000000006 0.0403125 0.065984375
0 0.250984375 0.40209374999999997 0.03125 0.0558125
0 0.4609375 0.390625 0.025750000000000002 0.065484375
0 0.2263125 0.1224375 0.029421874999999997 0.032953125
0 0.380859375 0.3981875 0.026968750000000003 0.05865625
0 0.055296875 0.10284374999999998 0.046296875 0.0416875
0 0.207515625 0.45873437499999997 0.03753125 0.063046875
0 0.04553125 0.253421875 0.032718750000000005 0.041078125
0 0.1430625 0.06476562500000001 0.028218749999999997 0.031609375
0 0.4296875 0.4609375 0.028546875 0.06903125
0 0.092828125 0.465328125 0.039484375 0.062109375
0 0.477546875 0.01353125 0.021625 0.0270625
0 0.24010937499999999 0.0533125 0.027484375 0.036984375
0 0.338375 0.460453125 0.031921875 0.07171875
0 0.06646875 0.46264062499999997 0.037593749999999995 0.06359375
0 0.20226562499999998 0.05603125 0.025953125 0.034703125
0 0.127203125 0.6118125 0.042328125 0.08154687499999999
0 0.5546875 0.3981875 0.025046875000000003 0.05878124999999999
0 0.817390625 0.266359375 0.029875000000000002 0.06671875000000001
0 0.2785625 0.40307812500000006 0.0314375 0.055421874999999995
0 0.43603125 0.40234375 0.026609375 0.050421875000000005
0 0.119390625 0.4585 0.041234375000000004 0.0701875
0 0.916015625 0.78125 0.080078125 0.0571875
0 0.029375000000000002 0.140984375 0.0378125 0.033140625
0 0.368890625 0.461421875 0.030921874999999998 0.07184375
0 0.919921875 0.8344687499999999 0.07421875 0.06804687499999999
0 0.3984375 0.463375 0.028484375 0.06928125
0 0.41040625000000003 0.38696875 0.026203125 0.065609375
0 0.00996875 0.198125 0.019453124999999998 0.037109375
0 0.43529687499999997 0.01390625 0.02178125 0.027734375
0 0.24939062500000003 0.020515625000000003 0.021359375 0.032234374999999996
0 0.011203125 0.065859375 0.022328124999999997 0.030859375
0 0.024890625 0.039125 0.024 0.028703125000000003
0 0.213375 0.027375 0.025328125 0.030156250000000002
0 0.155640625 0.03371875 0.02446875 0.030859375
0 0.098578125 0.0245625 0.030734375 0.022625
0 0.954109375 0.9404375 0.069515625 0.086296875
0 0.2680625 0.02109375 0.023421875 0.028875
0 0.193109375 0.028546875 0.0235625 0.02828125
0 0.290046875 0.0195625 0.019609375000000002 0.029546875
0 0.30590625 0.017109375 0.01834375 0.029203125000000003
0 0.008140625 0.713875 0.016296875 0.07409375
0 0.70165625 0.006953125 0.018984375 0.0136875