0 0.05834375000000001 0.72509375 0.049312499999999995 0.097234375
0 0.173953125 0.7265625 0.040921875 0.096859375
0 0.524421875 0.1066875 0.02153125 0.04025
0 0.166140625 0.403328125 0.037593749999999995 0.056546874999999996
0 0.3779375 0.397703125 0.028968749999999998 0.063234375
0 0.135859375 0.734859375 0.045953125 0.09515625
0 0.039703125 0.405765625 0.039421875 0.052828125000000004
0 0.08959375 0.40404687499999997 0.038703125 0.055109375
0 0.090578125 0.613765625 0.043453124999999995 0.072515625
0 0.782234375 0.46215624999999994 0.030625000000000003 0.0753125
0 0.348875 0.40478125 0.0315 0.056125
0 0.8154375 0.45996875 0.033140625 0.07575
0 0.79053125 0.2734375 0.02484375 0.057499999999999996
0 0.0240625 0.724125 0.048109374999999996 0.093328125
0 0.648921875 0.62646875 0.028703125000000003 0.078921875
0 0.6123125 0.625484375 0.031984374999999995 0.0779375
0 0.064640625 0.24890625000000002 0.034703125 0.040625
0 0.73975 0.46167187500000006 0.030859375 0.077203125
0 0.774421875 0.02025 0.019421874999999998 0.03875
0 0.33446875 0.620125 0.03634375 0.0731875
0 0.06281250000000001 0.6118125 0.044765624999999996 0.086484375
0 0.46728125 0.399421875 0.026500000000000003 0.0626875
0 0.24853125 0.23914062500000002 0.030046875 0.04821875
0 0.6875 0.62646875 0.03265625 0.0888125
0 0.35521875 0.044765624999999996 0.023375 0.039953125
0 0.61571875 0.46020312499999994 0.0263125 0.073859375
0 0.161984375 0.0571875 0.023703125 0.038609375
0 0.677734375 0.396 0.025796875000000004 0.05834375000000001
0 0.267328125 0.019125 0.02409375 0.032953125
0 0.883796875 0.634765625 0.044187500000000005 0.07860937500000001
0 0.526375 0.3935625 0.028375 0.0701875
0 0.4506875 0.145140625 0.023609375 0.048765625
0 0.50684375 0.625484375 0.034296875 0.085390625
0 0.270015625 0.11456249999999998 0.024796875 0.03259375
0 0.3671875 0.461421875 0.032109375 0.0700625
0 0.300296875 0.62109375 0.036890624999999996 0.07684375
0 0.0935 0.46020312499999994 0.038609375 0.0701875
0 0.321046875 0.23828125 0.029546875 0.04821875
0 0.732421875 0.2731875 0.02434375 0.06029687500000001
0 0.4560625 0.281734375 0.02446875 0.055609375
0 0.536625 0.28246875 0.024703125 0.051765625
0 0.185296875 0.619140625 0.040625 0.074890625
0 0.5805625 0.45996875 0.027218750000000003 0.07421875
0 0.2605 0.46264062499999997 0.035828125 0.072875
0 0.708015625 0.02165625 0.01871875 0.039953125
0 0.47339062500000006 0.1431875 0.022328124999999997 0.0485
0 0.2529375 0.620125 0.038328125000000005 0.07585937499999999
0 0.671390625 0.22509375 0.02446875 0.05645312500000001
0 0.761234375 0.274171875 0.0241875 0.058015625
0 0.146125 0.12445312500000001 0.0245625 0.04046875
0 0.618171875 0.09740625 0.02009375 0.04534375
0 0.648921875 0.45728125000000003 0.025171875 0.07275000000000001
0 0.14953125 0.45996875 0.038609375 0.06928125
0 0.745609375 0.1326875 0.021859375 0.0496875
0 0.10687500000000001 0.13159375 0.032046875 0.0378125
0 0.259515625 0.29053125 0.0313125 0.05632812499999999
0 0.017171875 0.45532812500000003 0.034328125 0.071046875
0 0.293703125 0.46240625 0.03371875 0.07409375
0 0.025 0.294921875 0.03615625 0.053796875
0 0.24853125 0.946296875 0.04428125 0.086
0 0.538578125 0.23351562499999998 0.02225 0.04434375
0 0.53271875 0.02753125 0.020921875 0.049859375
0 0.70215625 0.274171875 0.023078124999999998 0.0570625
0 0.645015625 0.39696875 0.026000000000000002 0.0548125
0 0.166375 0.12042187499999998 0.0249375 0.04296875
0 0.05603125 0.089296875 0.03775 0.032046875
0 0.47021875 0.035484375 0.022671875 0.043765625
0 0.5234375 0.139890625 0.02096875 0.043359375
0 0.11840625 0.9321249999999999 0.046484375 0.090875
0 0.72803125 0.021203125 0.0189375 0.0403125
0 0.72509375 0.226921875 0.02409375 0.04690625
0 0.258296875 0.148921875 0.027687499999999997 0.047609374999999995
0 0.17809375 0.24109375000000002 0.030156250000000002 0.042171875
0 0.040921875 0.24939062500000003 0.033078125 0.0388125
0 0.22937500000000002 0.02346875 0.023328124999999998 0.0315625
0 0.664546875 0.09221875 0.022578124999999998 0.050812500000000003
0 0.22240625 0.620609375 0.03934375 0.076109375
0 0.156 0.24279687499999997 0.031203124999999998 0.043953124999999996
0 0.403328125 0.623046875 0.03409375 0.080625
0 0.68115625 0.45532812500000003 0.02521875 0.0701875
0 0.279296875 0.15137499999999998 0.025171875 0.045015625
0 0.12073437499999999 0.61865625 0.04046875 0.07184375
0 0.486328125 0.234375 0.025046875000000003 0.043453124999999995
0 0.411140625 0.114984375 0.022984375 0.041328125
0 0.19946875 0.054296875 0.024890625 0.038703125
0 0.088984375 0.03378125 0.039640625 0.026703125
0 0.49193749999999997 0.029921874999999997 0.021406249999999998 0.05109375000000001
0 0.33959375 0.46020312499999994 0.032109375 0.068296875
0 0.301515625 0.148921875 0.022796875 0.04434375
0 0.24865624999999997 0.11754687500000001 0.02271875 0.042078125
0 0.20471875 0.11950000000000001 0.02271875 0.040625
0 0.9301718749999999 0.860359375 0.0753125 0.0703125
0 0.180421875 0.05728124999999999 0.023375 0.03746875
0 0.54296875 0.955078125 0.03125 0.085265625
0 0.664546875 0.026609375 0.019125 0.03528125
0 0.494140625 0.01121875 0.019015625 0.0224375
0 0.228515625 0.117984375 0.022765625 0.041140625
0 0.901375 0.732421875 0.075015625 0.0558125
0 0.03790625 0.123171875 0.037109375 0.031984374999999995
0 0.297859375 0.04715625 0.01990625 0.030796875
0 0.70215625 0.9609375 0.034359375 0.076296875
0 0.40209374999999997 0.01490625 0.021203125 0.0298125
0 0.47435937499999997 0.011203125 0.019859375000000002 0.022421875
0 0.00971875 0.063234375 0.01834375 0.026000000000000002
0 0.9174843750000001 0.7915 0.0861875 0.06409375
0 0.14428125 0.06231250000000001 0.02071875 0.03021875
0 0.616703125 0.0075 0.01628125 0.015
0 0.1065 0.00996875 0.034546875 0.019265625
0 0.729 0.7295 0.035546875 0.094671875
0 0.7475625 0.00653125 0.01771875 0.012968750000000001
0 0.007124999999999999 0.1925 0.013843749999999998 0.032718750000000005