0 0.059421875 0.724609375 0.05014062500000001 0.09753125
0 0.384515625 0.23546874999999998 0.027328124999999998 0.046625
0 0.165890625 0.40404687499999997 0.038234375 0.057499999999999996
0 0.022890625 0.723640625 0.04578125 0.094359375
0 0.7685625 0.633296875 0.034828125 0.08959375
0 0.523921875 0.10595312500000001 0.0225 0.039640625
0 0.30859375 0.399421875 0.030671874999999998 0.064390625
0 0.8154375 0.45996875 0.033140625 0.07520312500000001
0 0.1745625 0.728515625 0.0416875 0.09618750000000001
0 0.37865625 0.397953125 0.028375 0.063359375
0 0.380375 0.114203125 0.023859375 0.03934375
0 0.08978125 0.404296875 0.038453125 0.055421874999999995
0 0.8842812500000001 0.634765625 0.043609375 0.07976562499999999
0 0.065375 0.24853125 0.03528125 0.039281250000000004
0 0.578125 0.619625 0.029312500000000002 0.08465625
0 0.74071875 0.461921875 0.0313125 0.077203125
0 0.64990625 0.626953125 0.030109375 0.079046875
0 0.0313125 0.6123125 0.046484375 0.072265625
0 0.24865624999999997 0.23975 0.031078125 0.047796875
0 0.61328125 0.625484375 0.030625000000000003 0.07946875
0 0.774421875 0.02034375 0.0195625 0.0390625
0 0.809578125 0.632328125 0.034546875 0.087890625
0 0.348875 0.40503125000000006 0.0314375 0.0570625
0 0.039640625 0.40551562499999994 0.04046875 0.052609375
0 0.687984375 0.6274375 0.033015625 0.08959375
0 0.574703125 0.030796875 0.02071875 0.03896875
0 0.47290625000000003 0.142578125 0.022421875 0.048859375
0 0.78271875 0.46410937499999994 0.0315625 0.07453125000000001
0 0.44995312500000006 0.145140625 0.024140625 0.048125
0 0.32153125 0.238765625 0.029703125000000004 0.048765625
0 0.5810625 0.45996875 0.02753125 0.073671875
0 0.42895312499999994 0.28246875 0.026609375 0.053890625000000004
0 0.536140625 0.282234375 0.024796875 0.05292187499999999
0 0.0936875 0.45996875 0.038906249999999996 0.0705625
0 0.822265625 0.276125 0.03028125 0.06525
0 0.06409375 0.6123125 0.042640625 0.085578125
0 0.616703125 0.46020312499999994 0.02615625 0.0731875
0 0.50684375 0.625984375 0.03384375 0.086
0 0.648921875 0.458015625 0.02446875 0.07146875
0 0.4873125 0.46020312499999994 0.027437499999999997 0.076421875
0 0.30053125 0.62109375 0.037109375 0.075984375
0 0.7085 0.0219375 0.018515625 0.04046875
0 0.334234375 0.114203125 0.025671875 0.0416875
0 0.671390625 0.224609375 0.024703125 0.0558125
0 0.45581250000000006 0.28246875 0.023375 0.055421874999999995
0 0.2605 0.46264062499999997 0.03634375 0.073546875
0 0.67821875 0.39721875 0.026000000000000002 0.06118749999999999
0 0.53809375 0.234625 0.02390625 0.045015625
0 0.526859375 0.3935625 0.028937499999999998 0.071234375
0 0.253171875 0.620609375 0.0390625 0.07575
0 0.33740625 0.2841875 0.029140624999999996 0.062109375
0 0.016796875 0.45581250000000006 0.033578125 0.070921875
0 0.14978125 0.46068749999999997 0.038609375 0.069640625
0 0.34375 0.015546874999999998 0.022296875 0.030921874999999998
0 0.24903124999999998 0.9457968749999999 0.044437500000000005 0.08757812499999999
0 0.11840625 0.9331093750000001 0.04690625 0.090265625
0 0.35521875 0.044765624999999996 0.023515625000000002 0.041140625
0 0.745609375 0.1326875 0.022468750000000003 0.049312499999999995
0 0.42846875000000006 0.46215624999999994 0.029203125000000003 0.072078125
0 0.259765625 0.289796875 0.031984374999999995 0.057921875
0 0.43529687499999997 0.625484375 0.031375 0.07665625000000001
0 0.73340625 0.2731875 0.024703125 0.060765625000000004
0 0.303953125 0.01678125 0.022296875 0.030953124999999998
0 0.184453125 0.61865625 0.0406875 0.07434375
0 0.532234375 0.031921875 0.02096875 0.042875
0 0.33496875 0.620125 0.036625000000000005 0.073671875
0 0.267328125 0.018125 0.024609375 0.0304375
0 0.76171875 0.2736875 0.025796875000000004 0.057374999999999995
0 0.068421875 0.293453125 0.03803125 0.0570625
0 0.618171875 0.09771875 0.02021875 0.04559375
0 0.270265625 0.11578124999999999 0.0245625 0.0350625
0 0.3984375 0.46020312499999994 0.0314375 0.072515625
0 0.151984375 0.621578125 0.042078125 0.078484375
0 0.021281249999999998 0.29321875 0.038328125000000005 0.052703124999999997
0 0.365484375 0.46068749999999997 0.030859375 0.0704375
0 0.056546874999999996 0.08990625 0.0365 0.031015625
0 0.981453125 0.59228125 0.0365625 0.0674375
0 0.2941875 0.46167187500000006 0.03378125 0.073421875
0 0.70215625 0.27465625 0.023109374999999998 0.0570625
0 0.523921875 0.140375 0.020921875 0.04271875
0 0.72509375 0.226921875 0.02475 0.046718749999999996
0 0.48706250000000006 0.234625 0.0255625 0.04409375
0 0.665046875 0.09221875 0.023140625 0.05090625
0 0.158078125 0.026500000000000003 0.02390625 0.03390625
0 0.9321249999999999 0.8608437500000001 0.07275000000000001 0.06903125
0 0.14709375 0.12403125 0.0255625 0.039953125
0 0.12140625000000001 0.619140625 0.040015625 0.072078125
0 0.10578125000000001 0.128421875 0.029921874999999997 0.033140625
0 0.46996874999999994 0.0376875 0.021578125 0.039546874999999995
0 0.156375 0.24279687499999997 0.031078125 0.043765625
0 0.22240625 0.62109375 0.038609375 0.07575
0 0.253421875 0.0533125 0.024140625 0.04009375
0 0.0174375 0.403328125 0.034875 0.045015625
0 0.258546875 0.14942187499999998 0.028171875000000002 0.04803125
0 0.34009375 0.461421875 0.03284375 0.069390625
0 0.31371875 0.114203125 0.024796875 0.03678125
0 0.040765625 0.25025 0.032953125 0.039953125
0 0.370609375 0.621578125 0.03409375 0.07434375
0 0.161015625 0.057703125 0.02434375 0.03896875
0 0.543953125 0.9560625 0.032890625 0.083859375
0 0.30346875 0.14953125 0.02753125 0.04428125
0 0.166875 0.12103124999999999 0.026500000000000003 0.04271875
0 0.40404687499999997 0.6225625 0.03384375 0.07934375
0 0.41137499999999994 0.11517187499999999 0.0231875 0.04184375
0 0.49193749999999997 0.038609375 0.02059375 0.0365625
0 0.0888125 0.03378125 0.04009375 0.027953125000000002
0 0.72803125 0.020703125 0.019421874999999998 0.04140625
0 0.178953125 0.241703125 0.03028125 0.042234375000000005
0 0.901375 0.73290625 0.07453125000000001 0.05728124999999999
0 0.11065624999999998 0.161015625 0.03253125 0.044437500000000005
0 0.70215625 0.9614218749999999 0.03390625 0.0753125
0 0.951171875 0.9487343750000001 0.070921875 0.085390625
0 0.680671875 0.456546875 0.025328125 0.0674375
0 0.664546875 0.0268125 0.01971875 0.034703125
0 0.279546875 0.151859375 0.026500000000000003 0.04453125
0 0.0378125 0.122921875 0.03775 0.031859375
0 0.24890625000000002 0.11754687500000001 0.023609375 0.042171875
0 0.087703125 0.166375 0.029140624999999996 0.041625
0 0.45678124999999997 0.013218750000000001 0.021359375 0.026421875
0 0.55615625 0.009421875 0.01665625 0.01884375
0 0.91796875 0.793453125 0.086296875 0.06525
0 0.492671875 0.016921875 0.020453125 0.029921874999999997
0 0.22937500000000002 0.023765625000000002 0.023375 0.0313125
0 0.5336875 0.012484375 0.01809375 0.024890625
0 0.299078125 0.044921875 0.023328124999999998 0.036984375
0 0.228265625 0.117984375 0.02328125 0.040531250000000005
0 0.729984375 0.729984375 0.03775 0.093203125
0 0.40209374999999997 0.015015625 0.02190625 0.029921874999999997
0 0.11596875 0.29028125 0.032468750000000005 0.057703125
0 0.275875 0.045875 0.022203125 0.04046875
0 0.204828125 0.11968749999999999 0.022796875 0.040625
0 0.616703125 0.007578125 0.016468749999999997 0.015015625
0 0.1925 0.026921875 0.025171875 0.029640624999999997
0 0.124203125 0.129390625 0.029921874999999997 0.034703125
0 0.198359375 0.05450000000000001 0.025796875000000004 0.039484375
0 0.47290625000000003 0.01225 0.022328124999999997 0.0245
0 0.00996875 0.063046875 0.0189375 0.02590625
0 0.1066875 0.0099375 0.035609375 0.019296874999999998
0 0.180296875 0.05645312500000001 0.02409375 0.039484375
0 0.7475625 0.006562500000000001 0.018015625 0.0130625
0 0.14440625 0.0624375 0.02034375 0.029875000000000002
0 0.02365625 0.0364375 0.016718749999999998 0.024421875000000003
0 0.00684375 0.2006875 0.013593749999999998 0.0456875
0 0.00834375 0.0390625 0.016593749999999997 0.025671875