0 0.05890625000000001 0.72559375 0.050421875000000005 0.09740625
0 0.17285937499999998 0.72803125 0.040531250000000005 0.096375
0 0.713875 0.09484375 0.022109375 0.038546875
0 0.790046875 0.2736875 0.02484375 0.056546874999999996
0 0.024703125 0.72559375 0.04940625 0.09534375
0 0.1379375 0.723140625 0.04840625 0.09484375
0 0.782234375 0.462890625 0.032171875 0.0754375
0 0.507328125 0.624515625 0.032890625 0.084171875
0 0.37865625 0.3981875 0.0314375 0.064390625
0 0.8154375 0.45996875 0.03365625 0.0754375
0 0.166265625 0.403328125 0.039125 0.05696875
0 0.249265625 0.23937499999999998 0.031671875 0.047
0 0.039484375 0.404296875 0.038703125 0.048953125
0 0.349359375 0.40454687500000003 0.031609375 0.05450000000000001
0 0.523921875 0.106328125 0.022984375 0.040015625
0 0.612796875 0.625984375 0.031921875 0.0779375
0 0.090875 0.614265625 0.044671875 0.073671875
0 0.1851875 0.619625 0.041234375000000004 0.074640625
0 0.47192187499999994 0.623046875 0.033015625 0.078921875
0 0.33496875 0.620125 0.03753125 0.073671875
0 0.73975 0.46240625 0.0315625 0.076109375
0 0.818359375 0.0190625 0.024796875 0.035828125
0 0.090265625 0.40503125000000006 0.04009375 0.055515625
0 0.64990625 0.62646875 0.03021875 0.07921875
0 0.30103125 0.620609375 0.038171875 0.07653125
0 0.27734375 0.39721875 0.030375000000000003 0.06634375
0 0.536140625 0.2815 0.025718750000000002 0.052828125000000004
0 0.0315 0.61084375 0.042078125 0.0805
0 0.48975 0.45946875 0.027328124999999998 0.0704375
0 0.177375 0.46167187500000006 0.0388125 0.07134375
0 0.291265625 0.462890625 0.0376875 0.075015625
0 0.6875 0.62646875 0.03353125 0.0888125
0 0.3674375 0.46118750000000003 0.033203125 0.071046875
0 0.253421875 0.620609375 0.038906249999999996 0.07575
0 0.708015625 0.02271875 0.018437500000000002 0.04046875
0 0.883796875 0.63575 0.04409375 0.0809375
0 0.526375 0.3935625 0.027375 0.071234375
0 0.065484375 0.24903124999999998 0.03540625 0.041234375000000004
0 0.294921875 0.23828125 0.030921874999999998 0.043859375
0 0.73340625 0.27465625 0.024890625 0.06029687500000001
0 0.063046875 0.6123125 0.04409375 0.08478125
0 0.267328125 0.019015625 0.023953125 0.033265625
0 0.5810625 0.45946875 0.028218749999999997 0.073546875
0 0.35521875 0.044671875 0.023234374999999998 0.041328125
0 0.677734375 0.396484375 0.025515624999999997 0.059875
0 0.761234375 0.273921875 0.024234375 0.057499999999999996
0 0.430671875 0.2836875 0.0280625 0.057796875000000004
0 0.4555625 0.281984375 0.02303125 0.05603125
0 0.094484375 0.46020312499999994 0.039953125 0.070671875
0 0.47265625 0.142453125 0.02203125 0.0483125
0 0.58984375 0.276609375 0.023109374999999998 0.055203125
0 0.25025 0.40478125 0.03615625 0.06109375
0 0.74609375 0.133421875 0.022984375 0.050046875000000005
0 0.03934375 0.461921875 0.042484375000000005 0.0703125
0 0.555171875 0.397953125 0.027640625000000002 0.062921875
0 0.400875 0.287109375 0.02790625 0.06021875
0 0.532234375 0.029078125 0.021281249999999998 0.047609374999999995
0 0.26025 0.2893125 0.032953125 0.05728124999999999
0 0.321296875 0.2395 0.031859375 0.047875
0 0.70215625 0.273921875 0.02390625 0.057796875000000004
0 0.24903124999999998 0.9467812500000001 0.046015625 0.087703125
0 0.025078125 0.293703125 0.0365625 0.053500000000000006
0 0.261234375 0.46215624999999994 0.0365625 0.073546875
0 0.53809375 0.23351562499999998 0.024140625 0.046296875
0 0.45043749999999994 0.145390625 0.023609375 0.049046875000000004
0 0.671390625 0.22546875000000002 0.0245625 0.056765625
0 0.61865625 0.09753125 0.019859375000000002 0.04534375
0 0.645015625 0.399421875 0.026703125 0.05965625
0 0.270265625 0.115359375 0.0255625 0.034937499999999996
0 0.10778125000000001 0.13121875 0.030625000000000003 0.037203125
0 0.135125 0.292484375 0.037593749999999995 0.0531875
0 0.8530312500000001 0.46778125 0.034828125 0.0675625
0 0.257328125 0.149046875 0.02784375 0.0485
0 0.11878124999999999 0.93359375 0.047609374999999995 0.09253125
0 0.41137499999999994 0.114203125 0.024046875000000002 0.04184375
0 0.22265625 0.620609375 0.039796874999999995 0.076421875
0 0.146484375 0.12445312500000001 0.023953125 0.041234375000000004
0 0.01528125 0.45581250000000006 0.0305625 0.072078125
0 0.156375 0.24328124999999998 0.030625000000000003 0.04553125
0 0.491703125 0.030375000000000003 0.021453125 0.049953125
0 0.4868125 0.234375 0.026703125 0.044437500000000005
0 0.403328125 0.623046875 0.03534375 0.08154687499999999
0 0.66553125 0.092828125 0.024234375 0.050812500000000003
0 0.165765625 0.12067187500000001 0.027171875 0.043703124999999995
0 0.727546875 0.021124999999999998 0.019421874999999998 0.040984375
0 0.22937500000000002 0.0238125 0.0241875 0.031984374999999995
0 0.17821875 0.241703125 0.0313125 0.043515625
0 0.03796875 0.12403125 0.037203125 0.030625000000000003
0 0.47045312499999997 0.034187499999999996 0.022296875 0.046109375
0 0.041140625 0.250734375 0.03353125 0.04046875
0 0.339109375 0.46118750000000003 0.031859375 0.06903125
0 0.065375 0.168703125 0.02790625 0.03775
0 0.543453125 0.9545937500000001 0.03240625 0.08434375
0 0.680671875 0.455078125 0.026203125 0.069390625
0 0.249640625 0.1169375 0.021578125 0.042328125
0 0.701171875 0.9614218749999999 0.033328125 0.07453125000000001
0 0.279296875 0.15125 0.0255625 0.04553125
0 0.083625 0.04690625 0.034187499999999996 0.029078125
0 0.301515625 0.149171875 0.023609375 0.045953125
0 0.013484375000000002 0.60840625 0.026968750000000003 0.072265625
0 0.47973437499999994 0.11065624999999998 0.021203125 0.03671875
0 0.0883125 0.163578125 0.030921874999999998 0.044437500000000005
0 0.065734375 0.074640625 0.03234375 0.0313125
0 0.66553125 0.027640625000000002 0.021281249999999998 0.03534375
0 0.40234375 0.01578125 0.022375 0.031203124999999998
0 0.199578125 0.05440625 0.025671875 0.038390625
0 0.228875 0.11754687500000001 0.022765625 0.041234375000000004
0 0.09534375 0.031140624999999998 0.029593750000000002 0.027109375
0 0.16309374999999998 0.058437499999999996 0.02153125 0.034828125
0 0.5336875 0.010984375000000001 0.018796874999999998 0.021625
0 0.49439062500000003 0.011546875 0.01971875 0.02303125
0 0.181515625 0.05728124999999999 0.0229375 0.037109375
0 0.20495312499999999 0.11962500000000001 0.023234374999999998 0.04046875
0 0.1638125 0.2890625 0.03265625 0.047515625
0 0.29809375 0.047703125 0.021625 0.031015625
0 0.10504687500000001 0.009890625 0.03378125 0.019375
0 0.49609375 0.9560625 0.0378125 0.0808125
0 0.009640625 0.06281250000000001 0.018296875 0.0260625
0 0.7295 0.727546875 0.034937499999999996 0.0910625
0 0.47435937499999997 0.0110625 0.01990625 0.022109375
0 0.6171875 0.007718750000000001 0.016593749999999997 0.015421874999999998
0 0.682625 0.006953125 0.018296875 0.013796875
0 0.9184531249999999 0.79590625 0.0834375 0.06634375
0 0.7475625 0.006796874999999999 0.018015625 0.013421875
0 0.661140625 0.006390625 0.018187500000000002 0.012625
0 0.0074062500000000005 0.192875 0.014671875000000001 0.030953124999999998
0 0.68653125 0.597171875 0.028328125 0.032234374999999996