0 0.687984375 0.6274375 0.031796875 0.08820312500000001
0 0.6123125 0.625 0.030953124999999998 0.07764062499999999
0 0.597171875 0.732421875 0.03390625 0.094
0 0.177859375 0.729 0.0468125 0.07764062499999999
0 0.4716875 0.62403125 0.030375000000000003 0.0754375
0 0.4375 0.6225625 0.03353125 0.08106250000000001
0 0.64990625 0.461921875 0.027796875 0.06804687499999999
0 0.1405 0.722171875 0.046625 0.091734375
0 0.5444375 0.622078125 0.029031249999999998 0.085265625
0 0.2993125 0.733890625 0.038328125000000005 0.077390625
0 0.792 0.272953125 0.026921875 0.0614375
0 0.6904375 0.732421875 0.031015625 0.09125
0 0.505859375 0.281 0.024796875 0.056125
0 0.5805625 0.4585 0.025750000000000002 0.072625
0 0.30053125 0.620125 0.03628125 0.0755625
0 0.42725 0.46068749999999997 0.0305625 0.071046875
0 0.261234375 0.46240625 0.037265625000000004 0.071046875
0 0.779296875 0.7319375 0.041625 0.07921875
0 0.15075 0.619140625 0.040921875 0.06915625
0 0.250984375 0.625 0.036828125 0.072875
0 0.818359375 0.461421875 0.031859375 0.062921875
0 0.45532812500000003 0.282234375 0.025515624999999997 0.055609375
0 0.84278125 0.630375 0.037390625 0.09515625
0 0.06153125 0.61084375 0.04409375 0.08106250000000001
0 0.85546875 0.461421875 0.034703125 0.07764062499999999
0 0.3674375 0.624515625 0.032234374999999996 0.07159375
0 0.789546875 0.0861875 0.0189375 0.04303125
0 0.21887500000000001 0.619140625 0.042171875 0.076296875
0 0.8081093750000001 0.6328125 0.032953125 0.089109375
0 0.1851875 0.616703125 0.039953125 0.07146875
0 0.683109375 0.4663125 0.02615625 0.064875
0 0.586921875 0.277828125 0.022625 0.05225
0 0.7680625 0.6328125 0.033265625 0.089109375
0 0.48706250000000006 0.2319375 0.023078124999999998 0.049312499999999995
0 0.33496875 0.620125 0.036984375 0.073421875
0 0.648921875 0.625484375 0.029078125 0.0780625
0 0.75 0.46020312499999994 0.027218750000000003 0.071234375
0 0.259515625 0.73046875 0.045875 0.098078125
0 0.090875 0.614265625 0.043953124999999996 0.0700625
0 0.536140625 0.282234375 0.02365625 0.05059375000000001
0 0.55078125 0.46068749999999997 0.024796875 0.05696875
0 0.095703125 0.458015625 0.04178125 0.076421875
0 0.821296875 0.27709375 0.028546875 0.062921875
0 0.382078125 0.396234375 0.02784375 0.06029687500000001
0 0.349125 0.40259375000000003 0.030625000000000003 0.051671875
0 0.18603125 0.2890625 0.03265625 0.0531875
0 0.40503125000000006 0.14440625 0.027109375 0.051453125
0 0.24975 0.9453125 0.042328125 0.085875
0 0.774421875 0.019078125 0.01809375 0.03815625
0 0.40356249999999994 0.623046875 0.032953125 0.07696875
0 0.40307812500000006 0.286375 0.027328124999999998 0.05109375000000001
0 0.027953125000000002 0.61475 0.044437500000000005 0.0704375
0 0.67725 0.3986875 0.026859375 0.06371875
0 0.732421875 0.2736875 0.02521875 0.059203125
0 0.2785625 0.39696875 0.03253125 0.062921875
0 0.26146875 0.28759375 0.0314375 0.0531875
0 0.122921875 0.61865625 0.040375 0.071046875
0 0.7475625 0.946296875 0.035890624999999995 0.098265625
0 0.370609375 0.14721875 0.024703125 0.0496875
0 0.715328125 0.45873437499999997 0.025750000000000002 0.0703125
0 0.671390625 0.22521874999999997 0.025328125 0.054109375
0 0.1481875 0.45971875000000006 0.03775 0.069390625
0 0.78759375 0.460453125 0.028937499999999998 0.07079687500000001
0 0.762203125 0.2731875 0.024421875000000003 0.056640625
0 0.30859375 0.396734375 0.028218749999999997 0.06096875
0 0.372796875 0.29028125 0.026921875 0.049140625
0 0.2368125 0.288578125 0.028937499999999998 0.046625
0 0.543453125 0.9545937500000001 0.0305625 0.0861875
0 0.214484375 0.155765625 0.027796875 0.036984375
0 0.4399375 0.400390625 0.028703125000000003 0.054203125
0 0.038609375 0.466796875 0.039484375 0.055609375
0 0.117984375 0.9311562500000001 0.04296875 0.08820312500000001
0 0.45703125 0.46215624999999994 0.027953125000000002 0.0703125
0 0.616703125 0.46020312499999994 0.025468750000000002 0.071046875
0 0.516609375 0.45946875 0.026453125 0.06903125
0 0.23107812499999997 0.46410937499999994 0.039125 0.068171875
0 0.447265625 0.9536093749999999 0.034765625 0.087703125
0 0.309078125 0.29028125 0.0288125 0.055937499999999994
0 0.497078125 0.389890625 0.02759375 0.06878125
0 0.340328125 0.46167187500000006 0.032890625 0.065
0 0.745609375 0.1325625 0.023515625000000002 0.048859375
0 0.19409375 0.404296875 0.03803125 0.053015625
0 0.29296875 0.460453125 0.03371875 0.0704375
0 0.384515625 0.23523437500000002 0.02640625 0.046390625000000005
0 0.028484375 0.13953125 0.038109375 0.032468750000000005
0 0.76465625 0.093203125 0.022578124999999998 0.035671875
0 0.065 0.46314062500000003 0.039640625 0.057703125
0 0.48949999999999994 0.46068749999999997 0.027328124999999998 0.06982812499999999
0 0.525390625 0.39184375 0.028765625 0.0675625
0 0.016375 0.4609375 0.032765625 0.06118749999999999
0 0.43579687500000003 0.23315625 0.0238125 0.0546875
0 0.20215624999999998 0.46118750000000003 0.0365625 0.06982812499999999
0 0.932625 0.8559531249999999 0.066828125 0.06281250000000001
0 0.01871875 0.292484375 0.0315625 0.04940625
0 0.7006875 0.961921875 0.02865625 0.074765625
0 0.259765625 0.15003125 0.029484375 0.047
0 0.043765625 0.24512499999999998 0.032234374999999996 0.04434375
0 0.41040625000000003 0.40160937499999994 0.02615625 0.052031249999999994
0 0.25025 0.3984375 0.03409375 0.058437499999999996
0 0.49121875 0.036984375 0.018640625 0.038703125
0 0.114375 0.40259375000000003 0.039484375 0.0505
0 0.349609375 0.237546875 0.029921874999999997 0.04553125
0 0.357171875 0.11376562500000001 0.024890625 0.041140625
0 0.49903125 0.9565468750000001 0.03615625 0.084171875
0 0.03615625 0.40234375 0.04153125 0.051546875000000006
0 0.012296875 0.173578125 0.024515625 0.03390625
0 0.166875 0.40209374999999997 0.034765625 0.0558125
0 0.312984375 0.11164062500000001 0.02446875 0.044859375
0 0.729984375 0.728515625 0.036015625 0.09234375
0 0.014953125000000001 0.039484375 0.028171875000000002 0.031984374999999995
0 0.08740624999999999 0.16540625 0.028109375 0.041328125
0 0.014812500000000001 0.40551562499999994 0.029609375 0.04715625
0 0.0625625 0.404296875 0.03803125 0.051765625
0 0.1535625 0.2424375 0.034999999999999996 0.04434375
0 0.3361875 0.283203125 0.029203125000000003 0.058562499999999997
0 0.66015625 0.022015625 0.018546874999999997 0.04403125
0 0.72559375 0.2263125 0.0241875 0.044765624999999996
0 0.53271875 0.03278125 0.018546874999999997 0.038906249999999996
0 0.08728125 0.40404687499999997 0.0365625 0.05090625
0 0.9047812499999999 0.734859375 0.07275000000000001 0.059109375
0 0.13903125 0.288328125 0.03384375 0.052031249999999994
0 0.17590625 0.45996875 0.036890624999999996 0.06867187500000001
0 0.048953125 0.1065 0.038390625 0.031921875
0 0.05571875 0.090265625 0.038234375 0.029640624999999997
0 0.10578125000000001 0.128046875 0.027640625000000002 0.034234375
0 0.154046875 0.15625 0.028328125 0.040984375
0 0.377203125 0.045203125 0.020765625 0.03671875
0 0.2683125 0.11737500000000001 0.026546874999999998 0.03621875
0 0.333984375 0.04428125 0.022078125 0.039281250000000004
0 0.44848437499999994 0.041140625 0.020140625000000002 0.03796875
0 0.091375 0.290765625 0.0305625 0.0496875
0 0.41381249999999997 0.11376562500000001 0.02178125 0.037328125000000004
0 0.068546875 0.292234375 0.031671875 0.0495
0 0.547359375 0.10521875 0.019296874999999998 0.038390625
0 0.916015625 0.790046875 0.088015625 0.065375
0 0.50146875 0.10778125000000001 0.020921875 0.039796874999999995
0 0.063109375 0.24865624999999997 0.033328125 0.03790625
0 0.24707812499999998 0.116328125 0.027218750000000003 0.04025
0 0.40454687500000003 0.012578125 0.018828125 0.025124999999999998
0 0.046015625 0.29321875 0.032468750000000005 0.0495
0 0.130734375 0.160765625 0.02859375 0.04296875
0 0.185546875 0.1224375 0.0255625 0.0350625
0 0.94825 0.9467812500000001 0.06890625 0.083125
0 0.43432812500000006 0.11200000000000002 0.019171874999999998 0.035953125
0 0.20764062499999997 0.12140625000000001 0.027265624999999998 0.034875
0 0.22400000000000003 0.120359375 0.0280625 0.03390625
0 0.144171875 0.059750000000000004 0.024140625 0.0364375
0 0.10840625 0.1615 0.0288125 0.04328125
0 0.456546875 0.11084374999999999 0.021625 0.037593749999999995
0 0.0885 0.24621875000000001 0.0304375 0.038609375
0 0.11164062500000001 0.24584375 0.031140624999999998 0.0406875
0 0.47729687500000006 0.11046875 0.019640625000000002 0.03775
0 0.306390625 0.01578125 0.02475 0.03021875
0 0.11676562500000001 0.29028125 0.030734375 0.05500000000000001
0 0.146734375 0.126703125 0.026359375 0.037109375
0 0.165890625 0.12262500000000001 0.024234375 0.04146875
0 0.534671875 0.009140625 0.01640625 0.018265625
0 0.361078125 0.015609375 0.01934375 0.02975
0 0.512703125 0.01040625 0.016921875 0.020515625000000003
0 0.598140625 0.008078125 0.016468749999999997 0.016140625
0 0.39746875 0.043765625 0.0205625 0.036984375
0 0.130859375 0.125609375 0.0263125 0.034937499999999996
0 0.253421875 0.051265625 0.02390625 0.03753125
0 0.28540625 0.01628125 0.022468750000000003 0.032171875
0 0.576171875 0.009359375 0.016718749999999998 0.018703125
0 0.10559375 0.009890625 0.034546875 0.01971875
0 0.42651562500000006 0.04009375 0.019265625 0.037593749999999995
0 0.27465625 0.04578125 0.027437499999999997 0.0416875
0 0.431640625 0.013234375000000001 0.017515625 0.026468750000000003
0 0.47559375 0.01225 0.017578125 0.0245
0 0.249640625 0.017515625 0.021281249999999998 0.033265625
0 0.341796875 0.01490625 0.019015625 0.029593750000000002
0 0.154171875 0.031671875 0.020921875 0.027687499999999997
0 0.26465625 0.018765625 0.022296875 0.030796875
0 0.49145312499999994 0.011734375 0.01584375 0.023421875
0 0.22815625 0.023328124999999998 0.024609375 0.0304375
0 0.199828125 0.053796875 0.02203125 0.03678125
0 0.234625 0.051453125 0.021124999999999998 0.03790625
0 0.210578125 0.023765625000000002 0.019859375000000002 0.028015625
0 0.193609375 0.028171875000000002 0.0206875 0.031921875
0 0.21484375 0.055203125 0.022296875 0.035890624999999995
0 0.00490625 0.21240625 0.009640625 0.029640624999999997
0 0.8383749999999999 0.218015625 0.01628125 0.028546875
0 0.604 0.9887656249999999 0.031375 0.021484375