0 0.72803125 0.625484375 0.032718750000000005 0.0805
0 0.8154375 0.45776562500000006 0.030796875 0.07171875
0 0.728515625 0.7265625 0.034828125 0.0886875
0 0.254390625 0.621578125 0.038234375 0.07575
0 0.163453125 0.29053125 0.032718750000000005 0.05371875
0 0.23340624999999998 0.46557812500000006 0.03671875 0.05890625000000001
0 0.371578125 0.62109375 0.03634375 0.082828125
0 0.46020312499999994 0.23620312499999999 0.025078125 0.054109375
0 0.3984375 0.0454375 0.020296875 0.041140625
0 0.9852343749999999 0.61475 0.02953125 0.074890625
0 0.172734375 0.400875 0.034484375 0.06221875
0 0.198734375 0.402828125 0.037390625 0.05450000000000001
0 0.770015625 0.6328125 0.033140625 0.083734375
0 0.0679375 0.402828125 0.035734375 0.0548125
0 0.741703125 0.3986875 0.027687499999999997 0.06359375
0 0.165890625 0.9360312499999999 0.047234375 0.082390625
0 0.67871875 0.458015625 0.027265624999999998 0.06109375
0 0.8793906249999999 0.633796875 0.040984375 0.082390625
0 0.807625 0.632328125 0.03534375 0.088015625
0 0.666015625 0.138671875 0.022421875 0.050421875000000005
0 0.690921875 0.6279375 0.033140625 0.085078125
0 0.70165625 0.2731875 0.022890625 0.058437499999999996
0 0.302 0.724125 0.03534375 0.074890625
0 0.40478125 0.623046875 0.03371875 0.076296875
0 0.778328125 0.73584375 0.039953125 0.0861875
0 0.713375 0.461421875 0.02865625 0.07134375
0 0.560546875 0.279046875 0.024046875000000002 0.055609375
0 0.8081093750000001 0.396234375 0.030859375 0.06221875
0 0.305421875 0.619625 0.0391875 0.080625
0 0.64746875 0.4585 0.02521875 0.06878125
0 0.10357812500000001 0.72803125 0.046296875 0.08496875000000001
0 0.78759375 0.2736875 0.025796875000000004 0.06021875
0 0.25365625 0.938484375 0.040765625 0.0888125
0 0.616703125 0.2785625 0.02203125 0.053593749999999996
0 0.474125 0.62403125 0.029249999999999998 0.07764062499999999
0 0.357421875 0.049953125 0.02328125 0.03796875
0 0.42993750000000003 0.285890625 0.02446875 0.05242187499999999
0 0.14184375 0.40698437500000006 0.036625000000000005 0.054906250000000004
0 0.286859375 0.288328125 0.028765625 0.055109375
0 0.9399374999999999 0.51953125 0.03753125 0.0780625
0 0.144890625 0.7216875 0.046109375 0.090765625
0 0.01753125 0.46215624999999994 0.0350625 0.065734375
0 0.598640625 0.729984375 0.033015625 0.09253125
0 0.480953125 0.28540625 0.026359375 0.05996875
0 0.17846875 0.46240625 0.035671875 0.057499999999999996
0 0.026265624999999997 0.7211875 0.050046875000000005 0.091546875
0 0.11395312500000002 0.931640625 0.03803125 0.08728125
0 0.59375 0.103390625 0.017984375 0.03803125
0 0.57421875 0.033078125 0.018640625 0.041375
0 0.403328125 0.286375 0.025421875 0.054296875
0 0.19128125 0.61865625 0.0390625 0.07860937500000001
0 0.61571875 0.39428125 0.0229375 0.06281250000000001
0 0.30859375 0.39965625 0.027796875 0.055609375
0 0.411625 0.1169375 0.021046875 0.038328125000000005
0 0.155640625 0.619625 0.03934375 0.07171875
0 0.589359375 0.232171875 0.02253125 0.047
0 0.2526875 0.40528125 0.033484375 0.059203125
0 0.578609375 0.6225625 0.026546874999999998 0.084046875
0 0.43384375000000003 0.62109375 0.035953125 0.083734375
0 0.071046875 0.293453125 0.033265625 0.051359375
0 0.818359375 0.271 0.029875000000000002 0.068546875
0 0.757328125 0.2736875 0.02434375 0.05878124999999999
0 0.543953125 0.62353125 0.027218750000000003 0.083125
0 0.49121875 0.0391875 0.01840625 0.039125
0 0.3674375 0.462890625 0.030859375 0.0704375
0 0.47339062500000006 0.14953125 0.02153125 0.04303125
0 0.124078125 0.46020312499999994 0.04025 0.065484375
0 0.614265625 0.45824999999999994 0.023109374999999998 0.0675625
0 0.26171875 0.29834375 0.029203125000000003 0.048671874999999996
0 0.51025 0.617671875 0.025374999999999998 0.085578125
0 0.222171875 0.61865625 0.038328125000000005 0.0834375
0 0.384515625 0.2370625 0.027953125000000002 0.043703124999999995
0 0.293703125 0.46068749999999997 0.03384375 0.068421875
0 0.352296875 0.405765625 0.0298125 0.053500000000000006
0 0.06384375 0.611328125 0.044921875 0.082703125
0 0.55225 0.035609375 0.02096875 0.040375
0 0.294921875 0.0485 0.0231875 0.038171875
0 0.52490625 0.40160937499999994 0.025671875 0.0558125
0 0.37646875 0.287359375 0.028218749999999997 0.057921875
0 0.61621875 0.6171875 0.031671875 0.09875
0 0.521484375 0.14709375 0.021406249999999998 0.042812499999999996
0 0.26075 0.727046875 0.044921875 0.09996875
0 0.096859375 0.400390625 0.037265625000000004 0.06109375
0 0.398921875 0.46240625 0.030625000000000003 0.072078125
0 0.49071875 0.46167187500000006 0.026921875 0.06659375
0 0.312984375 0.12 0.024234375 0.036890624999999996
0 0.210578125 0.12525 0.02590625 0.03284375
0 0.33178125 0.055515625 0.020453125 0.03353125
0 0.034609375 0.613765625 0.040921875 0.0679375
0 0.45873437499999997 0.45996875 0.028875 0.070921875
0 0.291015625 0.12067187500000001 0.025328125 0.038546875
0 0.49243750000000003 0.399171875 0.025171875 0.063109375
0 0.544921875 0.954109375 0.029546875 0.085875
0 0.58203125 0.461921875 0.02475 0.065984375
0 0.585453125 0.39453125 0.024390625 0.063234375
0 0.42993750000000003 0.46020312499999994 0.029031249999999998 0.071234375
0 0.01521875 0.602546875 0.0304375 0.07653125
0 0.4453125 0.95215625 0.0315 0.08692187500000001
0 0.041234375000000004 0.40307812500000006 0.0390625 0.04978125
0 0.29809375 0.24096875 0.02828125 0.042234375000000005
0 0.2631875 0.46410937499999994 0.03796875 0.0679375
0 0.55225 0.46020312499999994 0.024281249999999997 0.0679375
0 0.753421875 0.94825 0.03284375 0.095890625
0 0.5546875 0.396234375 0.0249375 0.055515625
0 0.125734375 0.6123125 0.042078125 0.07934375
0 0.47973437499999994 0.108578125 0.021703125 0.042875
0 0.040984375 0.45971875000000006 0.04015625 0.0674375
0 0.521 0.46020312499999994 0.02590625 0.07195312499999999
0 0.09221875 0.465828125 0.042171875 0.0614375
0 0.852546875 0.5288125 0.055421874999999995 0.051265625
0 0.07134375 0.24695312500000002 0.038906249999999996 0.05696875
0 0.43579687500000003 0.39990625 0.027734375 0.0505
0 0.09221875 0.61475 0.043125000000000004 0.07134375
0 0.349859375 0.23840625000000001 0.029546875 0.04840625
0 0.280515625 0.40454687500000003 0.032171875 0.055296875
0 0.238765625 0.1536875 0.02753125 0.047
0 0.700203125 0.95996875 0.031078125 0.07709375
0 0.34228125 0.46215624999999994 0.033390625 0.063359375
0 0.210453125 0.9252968750000001 0.05059375000000001 0.10192187500000001
0 0.08978125 0.163703125 0.03409375 0.046203125
0 0.33959375 0.28490625 0.030328125 0.058984375
0 0.364015625 0.016843749999999998 0.020499999999999997 0.032046875
0 0.181390625 0.058437499999999996 0.025953125 0.0391875
0 0.5234375 0.1015625 0.017109375 0.03353125
0 0.40990624999999997 0.387703125 0.027171875 0.070671875
0 0.06890625 0.462890625 0.039953125 0.06409375
0 0.49926562499999994 0.955078125 0.03396875 0.084046875
0 0.008984375 0.19653125 0.017640625 0.029546875
0 0.134640625 0.159296875 0.030953124999999998 0.046625
0 0.43432812500000006 0.015609375 0.021625 0.029984375
0 0.701171875 0.006984374999999999 0.016593749999999997 0.013796875
0 0.104671875 0.133296875 0.029140624999999996 0.034359375
0 0.306390625 0.016828125 0.020515625000000003 0.033640625
0 0.030375000000000003 0.13940625 0.036078125 0.0315
0 0.151 0.12598437499999998 0.029421874999999997 0.036015625
0 0.918953125 0.8383749999999999 0.073296875 0.065734375
0 0.982421875 0.82325 0.034484375 0.09503125
0 0.2683125 0.021812500000000002 0.02175 0.031015625
0 0.9018593750000001 0.739265625 0.073421875 0.05632812499999999
0 0.249640625 0.12054687500000001 0.026546874999999998 0.034546875
0 0.143671875 0.063359375 0.026359375 0.035671875
0 0.9096718750000001 0.786625 0.06476562500000001 0.056125
0 0.21887500000000001 0.053890625000000004 0.02346875 0.03934375
0 0.235109375 0.0533125 0.026546874999999998 0.038609375
0 0.04840625 0.1095 0.0315625 0.027218750000000003
0 0.20165625 0.056125 0.022078125 0.03803125
0 0.1565 0.03353125 0.02590625 0.025796875000000004
0 0.11181250000000001 0.010171875 0.03384375 0.0195625
0 0.08478125 0.049953125 0.03240625 0.02640625
0 0.099671875 0.0229375 0.031859375 0.0235625
0 0.229734375 0.026453125 0.027687499999999997 0.028968749999999998
0 0.130859375 0.128171875 0.029312500000000002 0.034484375
0 0.016468749999999997 0.041234375000000004 0.032937499999999995 0.0305625
0 0.21179687500000002 0.026359375 0.023234374999999998 0.0263125
0 0.047 0.12646875 0.030671874999999998 0.028328125
0 0.012421875 0.06878125 0.024828125 0.038703125
0 0.1898125 0.029031249999999998 0.031140624999999998 0.028171875000000002
0 0.008375 0.712890625 0.016734375000000003 0.07421875
0 0.007640625 0.397703125 0.015296874999999998 0.04821875