0 0.8546875 0.46846875 0.035765625 0.0758125
0 0.81934375 0.46240625 0.034609375 0.06609374999999999
0 0.74365625 0.45996875 0.030375000000000003 0.073421875
0 0.79053125 0.27075 0.027687499999999997 0.05996875
0 0.728515625 0.63134375 0.030734375 0.080078125
0 0.8051718749999999 0.39453125 0.032046875 0.064265625
0 0.969734375 0.52978125 0.03796875 0.08465625
0 0.67821875 0.46215624999999994 0.02790625 0.0730625
0 0.8413125000000001 0.389890625 0.034296875 0.07134375
0 0.2210625 0.618171875 0.038906249999999996 0.076109375
0 0.036625000000000005 0.461921875 0.042171875 0.072078125
0 0.067078125 0.609859375 0.044437500000000005 0.085578125
0 0.456546875 0.46314062500000003 0.0288125 0.0679375
0 0.252203125 0.62109375 0.039953125 0.076421875
0 0.520015625 0.457515625 0.028484375 0.07195312499999999
0 0.771484375 0.3984375 0.027437499999999997 0.058984375
0 0.2998125 0.62109375 0.036015625 0.076421875
0 0.3361875 0.619140625 0.034999999999999996 0.07453125000000001
0 0.582515625 0.458984375 0.026000000000000002 0.073421875
0 0.8745156250000001 0.634765625 0.03678125 0.081671875
0 0.9404375 0.400875 0.034359375 0.051546875000000006
0 0.576171875 0.62403125 0.028484375 0.077390625
0 0.43871874999999994 0.622078125 0.03390625 0.084046875
0 0.76171875 0.63134375 0.0350625 0.08251562500000001
0 0.020453125 0.296875 0.036984375 0.05500000000000001
0 0.48853125000000003 0.458984375 0.02784375 0.07079687500000001
0 0.737796875 0.39478125 0.025859375 0.06009375
0 0.47435937499999997 0.624515625 0.030375000000000003 0.0753125
0 0.205078125 0.461421875 0.0378125 0.06928125
0 0.232671875 0.46215624999999994 0.03671875 0.06646875
0 0.542 0.625484375 0.029249999999999998 0.077203125
0 0.508296875 0.625984375 0.029140624999999996 0.07781249999999999
0 0.177859375 0.45923437500000003 0.03753125 0.069953125
0 0.64746875 0.38940625 0.025625 0.067328125
0 0.06634375 0.458984375 0.04178125 0.07159375
0 0.1486875 0.45996875 0.03803125 0.0674375
0 0.8188437499999999 0.2731875 0.029421874999999997 0.059328124999999995
0 0.42725 0.281984375 0.0255625 0.057703125
0 0.701171875 0.2736875 0.023234374999999998 0.06021875
0 0.8383749999999999 0.633796875 0.0388125 0.089484375
0 0.12140625000000001 0.46118750000000003 0.039859375 0.063046875
0 0.840828125 0.017015625 0.024234375 0.03403125
0 0.12365625 0.61571875 0.03775 0.08106250000000001
0 0.39990625 0.625 0.032109375 0.0675625
0 0.779296875 0.46167187500000006 0.028968749999999998 0.060765625000000004
0 0.613765625 0.45482812499999997 0.023765625000000002 0.07453125000000001
0 0.79296875 0.12915625 0.02284375 0.05109375000000001
0 0.6171875 0.277828125 0.022625 0.05996875
0 0.1899375 0.61571875 0.0419375 0.08154687499999999
0 0.71778125 0.130734375 0.02284375 0.054906250000000004
0 0.80078125 0.633796875 0.03515625 0.084171875
0 0.5234375 0.396234375 0.025 0.05450000000000001
0 0.55225 0.392828125 0.02303125 0.05625
0 0.371828125 0.612796875 0.03228125 0.075984375
0 0.50634375 0.2841875 0.026921875 0.05834375000000001
0 0.689453125 0.626953125 0.02975 0.07764062499999999
0 0.378171875 0.40234375 0.030046875 0.04803125
0 0.955078125 0.45873437499999997 0.034359375 0.052609375
0 0.7680625 0.12903125 0.024281249999999997 0.051765625
0 0.250984375 0.401375 0.034546875 0.05878124999999999
0 0.76075 0.274171875 0.022796875 0.059109375
0 0.679203125 0.38428125 0.026265624999999997 0.07079687500000001
0 0.8168906249999999 0.01934375 0.023734375 0.037390625
0 0.031734374999999995 0.6123125 0.04459375 0.072265625
0 0.649421875 0.45873437499999997 0.024703125 0.069953125
0 0.49439062500000003 0.39746875 0.02665625 0.05500000000000001
0 0.673828125 0.280765625 0.02165625 0.058015625
0 0.338140625 0.46068749999999997 0.030796875 0.066828125
0 0.156125 0.61865625 0.046718749999999996 0.082390625
0 0.06928125 0.291015625 0.034703125 0.052609375
0 0.016921875 0.40307812500000006 0.03365625 0.054906250000000004
0 0.70946875 0.397703125 0.02521875 0.05865625
0 0.653328125 0.626953125 0.030046875 0.077515625
0 0.1951875 0.40234375 0.036828125 0.055296875
0 0.69775 0.22742187500000002 0.02271875 0.043703124999999995
0 0.061640625000000004 0.40064062500000003 0.03753125 0.054203125
0 0.18640625 0.288578125 0.034296875 0.056859375000000004
0 0.641609375 0.2268125 0.021281249999999998 0.04296875
0 0.26440625 0.4609375 0.037390625 0.069390625
0 0.613765625 0.624515625 0.029593750000000002 0.078375
0 0.644046875 0.276125 0.022296875 0.058234375000000005
0 0.234625 0.289796875 0.031921875 0.057703125
0 0.36865625 0.45703125 0.0314375 0.069515625
0 0.279296875 0.3984375 0.031078125 0.05440625
0 0.093015625 0.45946875 0.038390625 0.06804687499999999
0 0.732421875 0.2815 0.02365625 0.049953125
0 0.55078125 0.45532812500000003 0.02390625 0.072625
0 0.137078125 0.289796875 0.030953124999999998 0.053500000000000006
0 0.16246875 0.288328125 0.033328125 0.054593749999999996
0 0.9106406249999999 0.2915 0.033140625 0.04459375
0 0.388421875 0.2370625 0.025124999999999998 0.046546875
0 0.0165 0.45923437500000003 0.033 0.071234375
0 0.42699999999999994 0.46068749999999997 0.028015625 0.0675625
0 0.08990625 0.399171875 0.035484375 0.056125
0 0.34740625 0.24059375 0.028109375 0.0454375
0 0.014656250000000001 0.165890625 0.029328125 0.039484375
0 0.32178125 0.2370625 0.025625 0.047328125
0 0.060640625000000004 0.72509375 0.05071875 0.09740625
0 0.1169375 0.40160937499999994 0.03678125 0.05500000000000001
0 0.586921875 0.281984375 0.021484375 0.050421875000000005
0 0.711921875 0.4585 0.027218750000000003 0.07453125000000001
0 0.25928125 0.72803125 0.0468125 0.10175000000000001
0 0.30884375 0.39721875 0.030625000000000003 0.05500000000000001
0 0.512203125 0.23424999999999999 0.02178125 0.04434375
0 0.753421875 0.22717187499999997 0.02271875 0.04271875
0 0.805671875 0.22179687499999998 0.025953125 0.042328125
0 0.586421875 0.396734375 0.0241875 0.051171875
0 0.7368125 0.09601562500000001 0.021453125 0.036890624999999996
0 0.562984375 0.22803125 0.019859375000000002 0.04690625
0 0.61571875 0.397953125 0.023140625 0.05071875
0 0.142703125 0.40234375 0.0365 0.051937500000000004
0 0.26196875 0.288328125 0.029921874999999997 0.056859375000000004
0 0.67040625 0.223390625 0.023234374999999998 0.04940625
0 0.9858437500000001 0.6279375 0.027484375 0.08039062500000001
0 0.53809375 0.23278125 0.02059375 0.04534375
0 0.750984375 0.023140625 0.022421875 0.0406875
0 0.70459375 0.022125 0.01953125 0.04425
0 0.68896875 0.0935 0.020765625 0.037328125000000004
0 0.7421875 0.133171875 0.023421875 0.047421875
0 0.3935625 0.45971875000000006 0.028437499999999998 0.067203125
0 0.683109375 0.02271875 0.021406249999999998 0.044859375
0 0.7788125 0.22521874999999997 0.024281249999999997 0.040921875
0 0.047234375 0.293703125 0.034187499999999996 0.053890625000000004
0 0.559078125 0.280515625 0.02225 0.051000000000000004
0 0.784671875 0.0808125 0.02271875 0.0376875
0 0.617671875 0.229734375 0.02190625 0.04321875
0 0.46410937499999994 0.399171875 0.02790625 0.053796875
0 0.296390625 0.45532812500000003 0.034999999999999996 0.071046875
0 0.22131249999999997 0.40356249999999994 0.0390625 0.053890625000000004
0 0.72509375 0.227296875 0.02215625 0.044765624999999996
0 0.042078125 0.249640625 0.034609375 0.038328125000000005
0 0.013421875 0.71875 0.0263125 0.08757812499999999
0 0.79590625 0.019453124999999998 0.02175 0.038906249999999996
0 0.352296875 0.39746875 0.03359375 0.0558125
0 0.375984375 0.04434375 0.021578125 0.03875
0 0.073296875 0.066828125 0.032171875 0.035546875
0 0.01125 0.064203125 0.021812500000000002 0.03775
0 0.11950000000000001 0.9282187499999999 0.04328125 0.09515625
0 0.778328125 0.733890625 0.043453124999999995 0.085875
0 0.0989375 0.021984375 0.03390625 0.029984375
0 0.724609375 0.021453125 0.020453125 0.042171875
0 0.9296875 0.8579062499999999 0.082703125 0.06231250000000001
0 0.3674375 0.1483125 0.022984375 0.0483125
0 0.047796875 0.104859375 0.03228125 0.029484375
0 0.90234375 0.734859375 0.0704375 0.059328124999999995
0 0.40698437500000006 0.400390625 0.028015625 0.051171875
0 0.729984375 0.72803125 0.03371875 0.093015625
0 0.77490625 0.020484375 0.020015625000000002 0.040953125
0 0.166375 0.403328125 0.042015625 0.052703124999999997
0 0.58984375 0.228875 0.02215625 0.04525
0 0.761234375 0.0910625 0.020765625 0.035734375
0 0.43603125 0.400390625 0.027734375 0.051671875
0 0.012890625 0.6118125 0.025765624999999997 0.06878125
0 0.43384375000000003 0.53271875 0.056640625 0.045203125
0 0.177609375 0.24378125 0.031015625 0.041375
0 0.713875 0.0935 0.02175 0.03403125
0 0.24903124999999998 0.239875 0.0288125 0.04009375
0 0.08692187500000001 0.0531875 0.034187499999999996 0.03634375
0 0.864265625 0.011203125 0.018234375 0.022390625
0 0.064515625 0.25 0.031921875 0.037046875
0 0.40112500000000006 0.286625 0.0229375 0.05234375
0 0.030328125 0.135984375 0.03540625 0.028484375
0 0.930671875 0.365484375 0.024046875000000002 0.031734374999999995
0 0.70165625 0.9609375 0.0304375 0.07764062499999999
0 0.211421875 0.9233437500000001 0.04559375 0.098265625
0 0.11181250000000001 0.009421875 0.029984375 0.018234375
0 0.016843749999999998 0.036828125 0.031609375 0.029484375
0 0.9145468749999999 0.792484375 0.076109375 0.064203125
0 0.41150000000000003 0.235828125 0.02175 0.04240625
0 0.43543750000000003 0.23349999999999999 0.0219375 0.04371875
0 0.46145312499999996 0.23071875 0.021484375 0.0465
0 0.40270312500000005 0.149265625 0.02203125 0.04575
0 0.42954687500000005 0.146234375 0.022046875 0.04446875
0 0.47390625000000003 0.150484375 0.020171875 0.042234375000000005
0 0.30915625 0.29709375 0.024531249999999998 0.061203125000000004
0 0.54571875 0.14356249999999998 0.017140625 0.045078125000000004
0 0.522234375 0.14681249999999998 0.017859375 0.048
0 0.49484374999999997 0.15106250000000002 0.0226875 0.044578125
0 0.571640625 0.140625 0.02009375 0.045156249999999995
0 0.594578125 0.141234375 0.020640625000000003 0.047593750000000004
0 0.6185625 0.139328125 0.020921875 0.046140625000000005
0 0.644359375 0.13603125 0.020078125 0.052671875
0 0.412546875 0.10825 0.019046874999999998 0.0340625
0 0.43481249999999994 0.10735937499999999 0.021859375 0.0335
0 0.3545625 0.11315625 0.022343750000000002 0.033171875
0 0.524546875 0.10306249999999999 0.020109375 0.038
0 0.50178125 0.10678125000000001 0.017484375 0.03828125
0 0.57128125 0.0983125 0.019359375 0.0380625
0 0.592734375 0.09696875 0.019359375 0.042515625
0 0.61659375 0.09759375 0.020578125 0.03421875
0 0.6415 0.0964375 0.019125 0.031906250000000004
0 0.66496875 0.0911875 0.019546875 0.02975
0 0.668359375 0.133421875 0.0239375 0.054593749999999996
0 0.69246875 0.136484375 0.024484375 0.053578125
0 0.48140625000000004 0.107765625 0.02084375 0.040265625
0 0.639171875 0.026984374999999998 0.020421875 0.044437500000000005
0 0.61871875 0.027125 0.0200625 0.043515625
0 0.531625 0.035390624999999995 0.01996875 0.04215625
0 0.554984375 0.033734375 0.017781250000000002 0.042421875
0 0.5741562499999999 0.034484375 0.02034375 0.043921875
0 0.59553125 0.031625 0.022578124999999998 0.047734375
0 0.5106875 0.038656249999999996 0.018609375 0.041546875
0 0.491109375 0.039734375 0.0188125 0.042499999999999996
0 0.470828125 0.039390625 0.01759375 0.040640625
0 0.44784375 0.040640625 0.020515625000000003 0.040734375
0 0.42651562500000006 0.042046875 0.015984375000000002 0.03640625
0 0.131609375 0.240875 0.028328125 0.040578125
0 0.157375 0.23960937499999999 0.02740625 0.0404375
0 0.10606249999999999 0.246546875 0.023734375 0.04
0 0.087171875 0.24503124999999998 0.02290625 0.040546874999999996
0 0.08815625 0.163515625 0.017734375 0.040875
0 0.1079078125 0.1395046875 0.0939546875 0.1645640625 0.09949375 0.168034375 0.0985359375 0.1811625 0.10601562499999999 0.1844703125 0.1149515625 0.1781265625 0.118903125 0.15958125 0.12532812499999998 0.14774375 0.1257875 0.1410046875 0.1136203125 0.13717812499999998
0 0.132946875 0.1401 0.12406406249999999 0.1473265625 0.12113437499999999 0.163265625 0.117225 0.17282187499999999 0.12163281249999999 0.1821671875 0.13338125 0.1820234375 0.13818125 0.1653328125 0.1452375 0.1485671875 0.142421875 0.1399140625
0 0.171696875 0.1335421875 0.1635078125 0.14719374999999998 0.1607609375 0.1620171875 0.1596484375 0.172740625 0.16373125 0.18085625 0.17219374999999998 0.1788609375 0.177815625 0.1696625 0.1837671875 0.15238281250000002 0.1847875 0.1437171875 0.180428125 0.134221875
0 0.151428125 0.1395046875 0.1422328125 0.1531203125 0.14020468749999998 0.1639796875 0.13861874999999999 0.1728296875 0.1453453125 0.181971875 0.1569625 0.1758171875 0.159953125 0.1568390625 0.164659375 0.14379843750000001 0.1599296875 0.13585
0 0.19554375 0.13473437500000002 0.18889375 0.13573125 0.185828125 0.1447390625 0.1828875 0.1563328125 0.18106093750000002 0.1656 0.188025 0.1793265625 0.1989046875 0.1707125 0.20509218749999997 0.1554234375 0.20863281250000001 0.1425953125 0.204084375 0.1343359375
0 0.206275 0.137715625 0.20266406250000002 0.15661875 0.20188125 0.17286875 0.2115890625 0.1765203125 0.22388750000000002 0.166565625 0.22787812500000001 0.144815625 0.222921875 0.1351796875 0.2116734375 0.1354640625
0 0.23733749999999998 0.12705625 0.2298984375 0.13709218750000002 0.225296875 0.15628124999999998 0.2256015625 0.167009375 0.23306093749999998 0.17811875 0.2407921875 0.17059375000000002 0.2479046875 0.1547953125 0.25053593749999997 0.1395578125 0.2465734375 0.1274671875
0 0.5345 0.28145312499999997 0.029593750000000002 0.059953124999999996
0 0.47862499999999997 0.285734375 0.026078125 0.0615
0 0.450984375 0.28534375 0.028421875000000003 0.06540625
0 0.376640625 0.28865625 0.02296875 0.057999999999999996
0 0.336921875 0.2894375 0.021406249999999998 0.05645312500000001
0 0.283796875 0.288078125 0.023359374999999998 0.062281249999999996
0 0.29721875 0.236296875 0.026859375 0.049828125
0 0.274453125 0.23298437500000002 0.023359374999999998 0.051000000000000004
0 0.20787499999999998 0.287875 0.033484375 0.060343749999999995
0 0.225015625 0.238046875 0.026468750000000003 0.043984375
0 0.202625 0.23960937499999999 0.026078125 0.04009375
0 0.11542187500000001 0.290015625 0.02996875 0.05371875
0 0.089734375 0.291765625 0.02996875 0.051000000000000004
0 0.10646875 0.12671875 0.019078125 0.035421875000000005
0 0.126515625 0.123796875 0.022578124999999998 0.029593750000000002
0 0.1496875 0.122828125 0.025296875000000003 0.0393125