0 0.57775 0.62446875 0.034375 0.08549999999999999
0 0.47435937499999997 0.623046875 0.031734374999999995 0.08039062500000001
0 0.543453125 0.625984375 0.030375000000000003 0.078921875
0 0.50928125 0.625 0.029546875 0.07965625
0 0.437984375 0.625984375 0.03378125 0.078375
0 0.521484375 0.458015625 0.027484375 0.0753125
0 0.40307812500000006 0.6225625 0.033203125 0.0731875
0 0.490234375 0.45946875 0.027796875 0.072390625
0 0.336671875 0.622078125 0.035890624999999995 0.07696875
0 0.4585 0.46068749999999997 0.03021875 0.072875
0 0.22082812500000001 0.620125 0.039281250000000004 0.0755625
0 0.72803125 0.63134375 0.031859375 0.08178125
0 0.583015625 0.45873437499999997 0.026453125 0.07575
0 0.301265625 0.6225625 0.03621875 0.076421875
0 0.253171875 0.6225625 0.04046875 0.07665625000000001
0 0.6796875 0.461921875 0.028765625 0.07825
0 0.77246875 0.39990625 0.029140624999999996 0.064515625
0 0.52490625 0.396234375 0.026546874999999998 0.059546875
0 0.8061562500000001 0.396234375 0.03284375 0.06804687499999999
0 0.20446875000000003 0.46264062499999997 0.038453125 0.07079687500000001
0 0.176390625 0.46068749999999997 0.036828125 0.06982812499999999
0 0.744625 0.46215624999999994 0.030046875 0.073421875
0 0.55371875 0.393796875 0.024421875000000003 0.060640625000000004
0 0.1483125 0.45996875 0.037265625000000004 0.06867187500000001
0 0.702640625 0.2736875 0.023703125 0.059421875
0 0.614265625 0.625484375 0.028375 0.07409375
0 0.064640625 0.45923437500000003 0.03790625 0.06915625
0 0.495125 0.397703125 0.027171875 0.0558125
0 0.618171875 0.2785625 0.02409375 0.057796875000000004
0 0.065375 0.611328125 0.048125 0.086796875
0 0.647953125 0.388421875 0.02615625 0.06915625
0 0.8207968749999999 0.463875 0.03534375 0.0674375
0 0.679203125 0.390375 0.027109375 0.06634375
0 0.03634375 0.46068749999999997 0.04046875 0.06890625
0 0.8549843750000001 0.46484375 0.03621875 0.0753125
0 0.36840625 0.456546875 0.029421874999999997 0.0705625
0 0.277828125 0.39965625 0.033015625 0.060515624999999997
0 0.655765625 0.6279375 0.029375000000000002 0.07434375
0 0.8422812499999999 0.390140625 0.034609375 0.072515625
0 0.5078125 0.280515625 0.026609375 0.06096875
0 0.762203125 0.27490625 0.02484375 0.057921875
0 0.76953125 0.13121875 0.024656249999999998 0.052515624999999996
0 0.762703125 0.633296875 0.035671875 0.078921875
0 0.37890625 0.401859375 0.02865625 0.052515624999999996
0 0.2524375 0.399171875 0.032953125 0.05696875
0 0.61621875 0.45532812500000003 0.02615625 0.074640625
0 0.551265625 0.45728125000000003 0.025796875000000004 0.07275000000000001
0 0.42821875 0.282234375 0.024890625 0.058562499999999997
0 0.56153125 0.279546875 0.023609375 0.052125
0 0.23278125 0.46240625 0.03775 0.068171875
0 0.155515625 0.620125 0.04434375 0.080625
0 0.690921875 0.6279375 0.030625000000000003 0.0754375
0 0.791015625 0.27221875 0.026703125 0.059203125
0 0.16271875 0.28809375 0.031078125 0.053890625000000004
0 0.589359375 0.28003125 0.023421875 0.05184375
0 0.711921875 0.3981875 0.0260625 0.060640625000000004
0 0.196171875 0.40404687499999997 0.0364375 0.055421874999999995
0 0.719234375 0.13428125 0.022796875 0.051000000000000004
0 0.8764687500000001 0.636234375 0.0390625 0.07665625000000001
0 0.185796875 0.28809375 0.031859375 0.055421874999999995
0 0.650390625 0.4609375 0.026109375 0.07171875
0 0.371578125 0.614265625 0.031671875 0.0754375
0 0.675296875 0.28028125 0.022468750000000003 0.05632812499999999
0 0.705078125 0.023234374999999998 0.019453124999999998 0.039640625
0 0.13659375 0.290046875 0.03240625 0.05450000000000001
0 0.68359375 0.02521875 0.020453125 0.0390625
0 0.020015625000000002 0.29590625 0.034999999999999996 0.055109375
0 0.427734375 0.458984375 0.02790625 0.069640625
0 0.794921875 0.129640625 0.02284375 0.05090625
0 0.187984375 0.616703125 0.04296875 0.079046875
0 0.12285937499999999 0.6171875 0.0390625 0.07860937500000001
0 0.697265625 0.22765624999999998 0.024515625 0.04821875
0 0.733890625 0.280765625 0.0260625 0.051453125
0 0.2629375 0.46167187500000006 0.036015625 0.06659375
0 0.347171875 0.24096875 0.028015625 0.046625
0 0.64209375 0.22815625 0.02365625 0.047093750000000004
0 0.23498437499999997 0.2890625 0.031796875 0.057703125
0 0.145875 0.40234375 0.036984375 0.0548125
0 0.293703125 0.458984375 0.032718750000000005 0.0701875
0 0.11554687500000001 0.29028125 0.029593750000000002 0.051765625
0 0.06928125 0.2915 0.0313125 0.051359375
0 0.11395312500000002 0.40307812500000006 0.037328125000000004 0.055203125
0 0.802734375 0.636234375 0.0365 0.08039062500000001
0 0.090390625 0.398921875 0.03396875 0.058140625
0 0.338375 0.45946875 0.032468750000000005 0.07171875
0 0.042390625 0.40259375000000003 0.038609375 0.053500000000000006
0 0.588375 0.40064062500000003 0.024390625 0.0558125
0 0.208625 0.289546875 0.033140625 0.05696875
0 0.3100625 0.3981875 0.031015625 0.06085937500000001
0 0.0314375 0.613765625 0.042578125 0.0705625
0 0.285890625 0.287359375 0.029375000000000002 0.056546874999999996
0 0.122015625 0.45946875 0.038390625 0.066953125
0 0.645015625 0.277828125 0.02365625 0.056859375000000004
0 0.668953125 0.137078125 0.0225 0.049859375
0 0.8188437499999999 0.2734375 0.0288125 0.058562499999999997
0 0.753421875 0.023953125 0.022625 0.03753125
0 0.7631875 0.091734375 0.021578125 0.03628125
0 0.352296875 0.3984375 0.03125 0.051171875
0 0.83984375 0.633796875 0.03934375 0.083625
0 0.617671875 0.40112500000000006 0.02484375 0.054906250000000004
0 0.56396875 0.22778125 0.021359375 0.046718749999999996
0 0.8178750000000001 0.018375 0.023703125 0.035828125
0 0.841796875 0.016984375 0.024421875000000003 0.03396875
0 0.63915625 0.02521875 0.018640625 0.042390625
0 0.689453125 0.090765625 0.021453125 0.03671875
0 0.753421875 0.22742187500000002 0.0249375 0.04534375
0 0.46728125 0.396484375 0.026859375 0.053015625
0 0.091375 0.163453125 0.025859375 0.044187500000000005
0 0.26146875 0.28784375 0.032109375 0.05878124999999999
0 0.40771875 0.40307812500000006 0.026968750000000003 0.05225
0 0.01634375 0.403328125 0.032046875 0.053796875
0 0.618171875 0.228265625 0.021859375 0.04153125
0 0.47973437499999994 0.28784375 0.02328125 0.0483125
0 0.22290625 0.40454687500000003 0.035828125 0.05371875
0 0.091734375 0.4585 0.040984375 0.067203125
0 0.375734375 0.286625 0.027953125000000002 0.056125
0 0.395015625 0.458984375 0.027796875 0.06915625
0 0.67090625 0.22156250000000002 0.023109374999999998 0.049140625
0 0.340328125 0.28490625 0.028765625 0.0571875
0 0.7368125 0.093203125 0.021578125 0.034828125
0 0.43676562499999994 0.40234375 0.0270625 0.052125
0 0.727046875 0.22985937500000003 0.024609375 0.046484375
0 0.787109375 0.0856875 0.02253125 0.0403125
0 0.743171875 0.13184374999999998 0.022375 0.047421875
0 0.693359375 0.134890625 0.022109375 0.048859375
0 0.045015625 0.291265625 0.031375 0.04978125
0 0.663578125 0.02409375 0.020015625000000002 0.0406875
0 0.712890625 0.46215624999999994 0.026968750000000003 0.072625
0 0.8081093750000001 0.22253124999999999 0.026765624999999998 0.042015625
0 0.781734375 0.46410937499999994 0.028968749999999998 0.05834375000000001
0 0.78028125 0.22521874999999997 0.0255625 0.043515625
0 0.3671875 0.149296875 0.02365625 0.049312499999999995
0 0.014984375 0.4609375 0.02996875 0.064640625
0 0.778328125 0.727546875 0.0403125 0.068296875
0 0.71484375 0.094671875 0.021124999999999998 0.033203125
0 0.727046875 0.019015625 0.02165625 0.03775
0 0.775875 0.02021875 0.022203125 0.039484375
0 0.248296875 0.239875 0.028875 0.038906249999999996
0 0.15784375 0.240234375 0.026500000000000003 0.04009375
0 0.065984375 0.250734375 0.029546875 0.04015625
0 0.258296875 0.730953125 0.04434375 0.100703125
0 0.041078125 0.25146875 0.033140625 0.038546875
0 0.06153125 0.726078125 0.053093749999999995 0.09484375
0 0.796875 0.019859375000000002 0.0229375 0.038171875
0 0.013125000000000001 0.6123125 0.025859375 0.065859375
0 0.04690625 0.108765625 0.03403125 0.034359375
0 0.9116250000000001 0.292234375 0.031671875 0.0479375
0 0.94140625 0.40356249999999994 0.034999999999999996 0.05645312500000001
0 0.013218750000000001 0.17309375 0.025171875 0.034765625
0 0.099671875 0.0235625 0.030625000000000003 0.0268125
0 0.012484375 0.72265625 0.024609375 0.0883125
0 0.027734375 0.135859375 0.034875 0.026359375
0 0.9038125000000001 0.73584375 0.06915625 0.057374999999999995
0 0.73046875 0.72803125 0.03359375 0.085578125
0 0.9721718750000001 0.5336875 0.040984375 0.07825
0 0.73828125 0.39184375 0.024046875000000002 0.055109375
0 0.70165625 0.961921875 0.033484375 0.07195312499999999
0 0.010906250000000001 0.057374999999999995 0.021046875 0.026921875
0 0.9868124999999999 0.62890625 0.02615625 0.08154687499999999
0 0.9292031250000001 0.857421875 0.07976562499999999 0.059109375
0 0.11279687499999999 0.00846875 0.029312500000000002 0.016593749999999997
0 0.21179687500000002 0.9282187499999999 0.046546875 0.10265625
0 0.80078125 0.60840625 0.029875000000000002 0.031140624999999998
0 0.927734375 0.351078125 0.031984374999999995 0.054203125
0 0.666 0.09246875 0.024703125 0.0366875
0 0.6446562499999999 0.13739062500000002 0.022468750000000003 0.054656249999999997
0 0.6424218749999999 0.09546875 0.02096875 0.0351875
0 0.619578125 0.139265625 0.021718750000000002 0.050921875000000005
0 0.5915 0.23098437500000002 0.023953125 0.047171875
0 0.5387187499999999 0.229109375 0.02021875 0.041921875
0 0.511015625 0.22948437500000002 0.027703125000000002 0.045671875
0 0.489671875 0.230234375 0.022468750000000003 0.062140625000000005
0 0.46234374999999994 0.23323437500000002 0.024703125 0.05165625
0 0.43801562499999996 0.23846875 0.023953125 0.042671875
0 0.412171875 0.23734375000000002 0.026203125 0.043421875
0 0.39046875000000003 0.23734375000000002 0.024703125 0.046421875
0 0.31034375000000003 0.292375 0.0351875 0.068140625
0 0.321578125 0.23323437500000002 0.026203125 0.047171875
0 0.29725 0.234359375 0.028453125000000003 0.041921875
0 0.272921875 0.230609375 0.027703125000000002 0.047921875
0 0.22349999999999998 0.23696875 0.024703125 0.0411875
0 0.20178124999999997 0.23846875 0.026203125 0.045671875
0 0.178953125 0.23884375000000002 0.028453125000000003 0.0404375
0 0.13103125 0.24146874999999998 0.029953125000000004 0.042671875
0 0.1078125 0.24521874999999999 0.025453125 0.0396875
0 0.085734375 0.246328125 0.029203125000000003 0.0374375
0 0.40207812499999995 0.288265625 0.028453125000000003 0.056906250000000005
0 0.618140625 0.100734375 0.029203125000000003 0.039953125
0 0.593234375 0.09621874999999999 0.02578125 0.046390625000000005
0 0.596671875 0.14046875 0.02578125 0.053265625000000004
0 0.571109375 0.141328125 0.023625 0.053265625000000004
0 0.54640625 0.1421875 0.022343750000000002 0.048109374999999996
0 0.521921875 0.144765625 0.021484375 0.05240625
0 0.57175 0.099015625 0.020624999999999998 0.038234375
0 0.5489843750000001 0.099234375 0.0240625 0.041234375000000004
0 0.524921875 0.10353125 0.020624999999999998 0.03521875
0 0.502375 0.1086875 0.0201875 0.041234375000000004
0 0.4959375 0.1520625 0.024484375 0.04725
0 0.47317187499999996 0.150984375 0.019328124999999998 0.04253125
0 0.452546875 0.14734375 0.02190625 0.04725
0 0.4295625 0.14906250000000001 0.021484375 0.054125
0 0.40465625000000005 0.149921875 0.021484375 0.048109374999999996
0 0.48046875 0.10889062499999999 0.0201875 0.03909375
0 0.45984375 0.10395312500000001 0.0201875 0.039515625
0 0.46371874999999996 0.06937499999999999 0.03909375 0.034796875
0 0.43471875000000004 0.107171875 0.019765625000000002 0.033937499999999995
0 0.412171875 0.10846875 0.025343749999999998 0.033937499999999995
0 0.378015625 0.11340625 0.022343750000000002 0.036078125
0 0.345796875 0.15184375 0.023203124999999998 0.05284375
0 0.3213125 0.1525 0.022343750000000002 0.0438125
0 0.301984375 0.150125 0.022343750000000002 0.05284375
0 0.27878125 0.1505625 0.021484375 0.051125
0 0.25709375 0.15142187499999998 0.021046875 0.050265625
0 0.236265625 0.15034375 0.0240625 0.050687499999999996
0 0.21478125 0.1559375 0.02578125 0.0438125
0 0.19265625 0.15335937500000002 0.02190625 0.044671875
0 0.16946875 0.159375 0.023625 0.05240625
0 0.14928125 0.16065625 0.023625 0.04896875
0 0.13015625 0.160875 0.024921875 0.0476875
0 0.10953125 0.160875 0.023203124999999998 0.045109375
0 0.35546875 0.1131875 0.021046875 0.033078125
0 0.335703125 0.113625 0.021046875 0.032218750000000004
0 0.314015625 0.1101875 0.021484375 0.03909375
0 0.291890625 0.110390625 0.025343749999999998 0.03178125
0 0.26890625 0.10803125 0.02834375 0.037375000000000005
0 0.24957812499999998 0.11276562500000001 0.01890625 0.033937499999999995
0 0.22809374999999998 0.116203125 0.024921875 0.034796875
0 0.206625 0.117921875 0.0240625 0.034796875
0 0.185359375 0.116203125 0.024484375 0.039953125
0 0.166234375 0.11770312499999999 0.024921875 0.03521875
0 0.147125 0.12350000000000001 0.024484375 0.031359375
0 0.12607812499999999 0.12285937499999999 0.024484375 0.0335
0 0.105671875 0.1230625 0.023203124999999998 0.033937499999999995
0 0.0590625 0.08784375 0.0408125 0.026203125
0 0.06421875 0.073671875 0.04425 0.0305
0 0.075171875 0.059703125 0.037796875 0.0240625
0 0.086125 0.04553125 0.037375000000000005 0.02834375
0 0.019109375 0.037375000000000005 0.022765625 0.0240625
0 0.139390625 0.061640625000000004 0.024484375 0.039953125
0 0.1604375 0.059921875 0.0201875 0.03909375
0 0.1795625 0.057984375 0.02578125 0.044671875
0 0.1978125 0.0575625 0.01846875 0.041234375000000004
0 0.21628124999999998 0.054125 0.019328124999999998 0.041234375000000004
0 0.23904687500000002 0.051765625 0.023625 0.03909375
0 0.256875 0.051765625 0.022343750000000002 0.039953125
0 0.27384375 0.048546875 0.01846875 0.04209375
0 0.295109375 0.04596875 0.019765625000000002 0.042953124999999995
0 0.315078125 0.047890625 0.01846875 0.039953125
0 0.33484375 0.04575 0.02190625 0.043390625
0 0.35503125 0.0453125 0.021046875 0.041671875000000004
0 0.37629687500000003 0.04425 0.0240625 0.04553125
0 0.39864062499999997 0.044671875 0.0240625 0.041234375000000004
0 0.42828125000000006 0.042953124999999995 0.018046875 0.040375
0 0.44760937500000003 0.037375000000000005 0.014609374999999999 0.040375
0 0.471234375 0.035875000000000004 0.016328125 0.03909375
0 0.490140625 0.038015625 0.020624999999999998 0.041671875000000004
0 0.511828125 0.03565625 0.0201875 0.0438125
0 0.5317968750000001 0.03415625 0.023203124999999998 0.04940625
0 0.554359375 0.035015625 0.023625 0.0476875
0 0.574546875 0.032640625 0.022765625 0.04725
0 0.594953125 0.030921874999999998 0.027484375 0.050687499999999996
0 0.6174999999999999 0.02878125 0.022765625 0.04896875
0 0.15421875000000002 0.02728125 0.023203124999999998 0.027921875000000002
0 0.176125 0.024921875 0.020624999999999998 0.02834375
0 0.19415625 0.024484375 0.022343750000000002 0.02578125
0 0.21026562499999998 0.020828125 0.0201875 0.02878125
0 0.22981250000000003 0.01996875 0.021484375 0.02878125
0 0.25 0.020828125 0.023203124999999998 0.025343749999999998
0 0.2686875 0.017390625 0.015890625 0.0270625
0 0.28415625 0.016109375000000002 0.0201875 0.02878125
0 0.304984375 0.013953125 0.0171875 0.0270625
0 0.320453125 0.0133125 0.013750000000000002 0.026640625
0 0.342578125 0.013953125 0.01846875 0.024484375
0 0.362546875 0.0118125 0.013750000000000002 0.023625
0 0.381453125 0.01203125 0.018046875 0.022343750000000002
0 0.40551562499999994 0.0118125 0.01546875 0.023625
0 0.43171875000000004 0.011171875000000001 0.0171875 0.022343750000000002
0 0.45296875 0.00815625 0.0201875 0.016328125
0 0.472953125 0.00859375 0.018046875 0.0171875
0 0.49292187500000006 0.009671875 0.01846875 0.019328124999999998
0 0.5156875000000001 0.00471875 0.0201875 0.009453125
0 0.5363125 0.0036562499999999998 0.021046875 0.0072968749999999995
0 0.55671875 0.005375 0.018046875 0.009875
0 0.57496875 0.004078125 0.01675 0.00815625
0 0.596875 0.002796875 0.01675 0.005578125