0 0.098265625 0.615234375 0.042015625 0.070671875
0 0.182734375 0.23376562500000003 0.027015624999999998 0.046109375
0 0.40746874999999994 0.401859375 0.029421874999999997 0.062109375
0 0.664546875 0.094359375 0.021453125 0.043359375
0 0.018796874999999998 0.40845312500000003 0.037593749999999995 0.05500000000000001
0 0.33715625 0.463875 0.0288125 0.060515624999999997
0 0.335453125 0.12 0.0225 0.035734375
0 0.029546875 0.611328125 0.047328125 0.06867187500000001
0 0.11046875 0.12793749999999998 0.025515624999999997 0.04271875
0 0.46849999999999997 0.040921875 0.018609375 0.040015625
0 0.77734375 0.228265625 0.027109375 0.047515625
0 0.44825 0.047703125 0.02203125 0.033203125
0 0.06409375 0.6118125 0.043453124999999995 0.067328125
0 0.46484375 0.396484375 0.025796875000000004 0.063109375
0 0.29175 0.11968749999999999 0.024140625 0.041328125
0 0.45946875 0.236578125 0.022578124999999998 0.049859375
0 0.31128125 0.28759375 0.026859375 0.055609375
0 0.739265625 0.09515625 0.02021875 0.042234375000000005
0 0.715828125 0.138921875 0.021046875 0.038609375
0 0.20934375 0.12157812500000001 0.0270625 0.041625
0 0.559078125 0.28271875 0.025374999999999998 0.0496875
0 0.427734375 0.46654687499999997 0.027687499999999997 0.05996875
0 0.30615625 0.020296875 0.020640625000000003 0.030671874999999998
0 0.20178124999999997 0.461421875 0.03240625 0.068421875
0 0.522953125 0.39990625 0.026453125 0.058015625
0 0.3984375 0.04803125 0.020765625 0.031796875
0 0.648921875 0.46704687500000003 0.027265624999999998 0.067328125
0 0.21007812499999998 0.296875 0.031859375 0.0485
0 0.262203125 0.46606249999999994 0.032718750000000005 0.058562499999999997
0 0.23107812499999997 0.45996875 0.032046875 0.06348437500000001
0 0.640625 0.034359375 0.018484375 0.033015625
0 0.43285937499999994 0.11296874999999999 0.01990625 0.042875
0 0.588875 0.23303124999999997 0.022375 0.048765625
0 0.11596875 0.294921875 0.032953125 0.043515625
0 0.354734375 0.053796875 0.02215625 0.03125
0 0.190921875 0.6118125 0.03934375 0.073859375
0 0.155640625 0.620125 0.04303125 0.07409375
0 0.14965625 0.46557812500000006 0.041328125 0.060515624999999997
0 0.017125 0.46020312499999994 0.034234375 0.0626875
0 0.654296875 0.609375 0.031140624999999998 0.0886875
0 0.3151875 0.05059375000000001 0.022984375 0.032109375
0 0.8779375 0.630375 0.039859375 0.082390625
0 0.552734375 0.45971875000000006 0.02446875 0.063359375
0 0.48657812500000003 0.23351562499999998 0.022109375 0.0495
0 0.412109375 0.61475 0.030328125 0.083734375
0 0.70459375 0.02365625 0.020171875 0.039953125
0 0.505859375 0.102484375 0.021453125 0.042812499999999996
0 0.8051718749999999 0.63184375 0.03534375 0.093015625
0 0.48120312500000006 0.281984375 0.024046875000000002 0.054593749999999996
0 0.042015625 0.46557812500000006 0.037265625000000004 0.053093749999999995
0 0.146234375 0.12096875 0.0255625 0.05059375000000001
0 0.0704375 0.293453125 0.03403125 0.051937500000000004
0 0.365234375 0.016718749999999998 0.019765625000000002 0.032171875
0 0.9184531249999999 0.80371875 0.0753125 0.058234375000000005
0 0.14551562499999998 0.06476562500000001 0.026000000000000002 0.033265625
0 0.12359374999999999 0.4585 0.039703125 0.0679375
0 0.939453125 0.41284375000000006 0.036015625 0.06221875
0 0.379390625 0.1169375 0.020374999999999997 0.03390625
0 0.23742187499999998 0.05759375 0.02153125 0.031078125
0 0.024656249999999998 0.72265625 0.047515625 0.088984375
0 0.16028125 0.03378125 0.0280625 0.029249999999999998
0 0.33446875 0.625984375 0.03528125 0.074890625
0 0.348875 0.238640625 0.0263125 0.055937499999999994
0 0.04459375 0.254890625 0.032234374999999996 0.042875
0 0.454109375 0.015375 0.01590625 0.030765625
0 0.065125 0.46020312499999994 0.046203125 0.065
0 0.0678125 0.24817187500000001 0.032953125 0.04921875
0 0.43359375 0.015953125000000002 0.02109375 0.030953124999999998
0 0.237546875 0.58496875 0.044187500000000005 0.069515625
0 0.322265625 0.019015625 0.017781250000000002 0.0350625
0 0.23107812499999997 0.024140625 0.020296875 0.036015625
0 0.555671875 0.011453125 0.019171874999999998 0.02290625
0 0.2476875 0.02303125 0.024046875000000002 0.035671875
0 0.370359375 0.154296875 0.0235625 0.042015625
0 0.344234375 0.01640625 0.022578124999999998 0.03253125
0 0.0195625 0.160515625 0.03796875 0.033484375
0 0.9047812499999999 0.733890625 0.069390625 0.053890625000000004
0 0.93359375 0.8725625000000001 0.071046875 0.056765625
0 0.194828125 0.031609375 0.028328125 0.03021875
0 0.619140625 0.008968750000000001 0.018234375 0.017937500000000002
0 0.10521875 0.012375 0.03284375 0.023765625000000002
0 0.836921875 0.21973437499999998 0.01578125 0.027640625000000002
0 0.009234375 0.6118125 0.01846875 0.05759375
0 0.091546875 0.038906249999999996 0.03240625 0.024796875
0 0.065609375 0.07585937499999999 0.034765625 0.026500000000000003
0 0.542 0.9516562499999999 0.0298125 0.0886875
0 0.0129375 0.189703125 0.025875 0.03875
0 0.63965625 0.0088125 0.017109375 0.017109375
0 0.025265625000000003 0.03875 0.027265624999999998 0.031609375
0 0.9091875 0.285640625 0.020890625 0.025328125
0 0.05632812499999999 0.09668750000000001 0.034937499999999996 0.0263125